1        3 4 2 1
2        6 8 4 3
3        10 12 8 6
4        16 18 12 10
5        25 28 18 16
6        34 36 28 25
7        45 48 36 34
8        58 62 48 45
9        73 75 62 58
10        88 91 75 73
11        106 108 91 88
12        122 125 108 106
13        144 148 125 122
14        167 169 148 144
15        192 195 169 167
16        215 217 195 192
17        241 244 217 215
18        270 276 244 241
19        302 304 276 270
20        332 337 304 302
21        365 366 337 332
22        402 403 366 365
23        437 439 403 402
24        472 474 439 437
25        513 518 474 472
26        557 559 518 513
27        599 604 559 557
28        642 644 604 599
29        685 689 644 642
30        734 737 689 685
31        4 7 5 2
32        8 9 7 4
33        12 14 9 8
34        18 21 14 12
35        28 29 21 18
36        36 38 29 28
37        48 51 38 36
38        62 63 51 48
39        75 78 63 62
40        91 93 78 75
41        108 111 93 91
42        125 130 111 108
43        148 151 130 125
44        169 171 151 148
45        195 196 171 169
46        217 220 196 195
47        244 250 220 217
48        276 278 250 244
49        304 307 278 276
50        337 338 307 304
51        366 370 338 337
52        403 407 370 366
53        439 444 407 403
54        474 479 444 439
55        518 521 479 474
56        559 563 521 518
57        604 606 563 559
58        644 648 606 604
59        689 690 648 644
60        737 742 690 689
61        7 13 11 5
62        9 15 13 7
63        14 20 15 9
64        21 24 20 14
65        29 33 24 21
66        38 42 33 29
67        51 54 42 38
68        63 67 54 51
69        78 83 67 63
70        93 97 83 78
71        111 116 97 93
72        130 135 116 111
73        151 154 135 130
74        171 176 154 151
75        196 202 176 171
76        220 225 202 196
77        250 255 225 220
78        278 281 255 250
79        307 312 281 278
80        338 343 312 307
81        370 376 343 338
82        407 413 376 370
83        444 447 413 407
84        479 485 447 444
85        521 525 485 479
86        563 566 525 521
87        606 608 566 563
88        648 650 608 606
89        690 703 650 648
90        742 748 703 690
91        13 19 17 11
92        15 22 19 13
93        20 23 22 15
94        24 31 23 20
95        33 41 31 24
96        42 49 41 33
97        54 61 49 42
98        67 71 61 54
99        83 85 71 67
100        97 102 85 83
101        116 121 102 97
102        135 138 121 116
103        154 159 138 135
104        176 183 159 154
105        202 204 183 176
106        225 232 204 202
107        255 258 232 225
108        281 287 258 255
109        312 318 287 281
110        343 349 318 312
111        376 381 349 343
112        413 415 381 376
113        447 455 415 413
114        485 491 455 447
115        525 532 491 485
116        566 573 532 525
117        608 615 573 566
118        650 658 615 608
119        703 707 658 650
120        748 752 707 703
121        19 27 26 17
122        22 30 27 19
123        23 32 30 22
124        31 40 32 23
125        41 46 40 31
126        49 55 46 41
127        61 69 55 49
128        71 80 69 61
129        85 96 80 71
130        102 109 96 85
131        121 128 109 102
132        138 145 128 121
133        159 165 145 138
134        183 188 165 159
135        204 213 188 183
136        232 237 213 204
137        258 265 237 232
138        287 293 265 258
139        318 321 293 287
140        349 359 321 318
141        381 389 359 349
142        415 423 389 381
143        455 460 423 415
144        491 497 460 455
145        532 534 497 491
146        573 581 534 532
147        615 620 581 573
148        658 667 620 615
149        707 713 667 658
150        752 756 713 707
151        27 37 35 26
152        30 39 37 27
153        32 43 39 30
154        40 50 43 32
155        46 56 50 40
156        55 65 56 46
157        69 77 65 55
158        80 90 77 69
159        96 104 90 80
160        109 119 104 96
161        128 137 119 109
162        145 156 137 128
163        165 178 156 145
164        188 199 178 165
165        213 224 199 188
166        237 249 224 213
167        265 274 249 237
168        293 299 274 265
169        321 330 299 293
170        359 363 330 321
171        389 394 363 359
172        423 428 394 389
173        460 468 428 423
174        497 505 468 460
175        534 547 505 497
176        581 586 547 534
177        620 630 586 581
178        667 673 630 620
179        713 719 673 667
180        756 768 719 713
181        37 47 44 35
182        39 52 47 37
183        43 53 52 39
184        50 59 53 43
185        56 68 59 50
186        65 76 68 56
187        77 86 76 65
188        90 99 86 77
189        104 117 99 90
190        119 132 117 104
191        137 150 132 119
192        156 163 150 137
193        178 184 163 156
194        199 209 184 178
195        224 233 209 199
196        249 256 233 224
197        274 285 256 249
198        299 315 285 274
199        330 345 315 299
200        363 375 345 330
201        394 410 375 363
202        428 442 410 394
203        468 477 442 428
204        505 511 477 468
205        547 553 511 505
206        586 598 553 547
207        630 639 598 586
208        673 683 639 630
209        719 730 683 673
210        768 775 730 719
211        47 60 57 44
212        52 64 60 47
213        53 66 64 52
214        59 70 66 53
215        68 81 70 59
216        76 87 81 68
217        86 100 87 76
218        99 113 100 86
219        117 126 113 99
220        132 141 126 117
221        150 162 141 132
222        163 180 162 150
223        184 201 180 163
224        209 221 201 184
225        233 243 221 209
226        256 268 243 233
227        285 296 268 256
228        315 324 296 285
229        345 354 324 315
230        375 388 354 345
231        410 419 388 375
232        442 456 419 410
233        477 493 456 442
234        511 529 493 477
235        553 569 529 511
236        598 609 569 553
237        639 652 609 598
238        683 697 652 639
239        730 746 697 683
240        775 784 746 730
241        60 74 72 57
242        64 79 74 60
243        66 82 79 64
244        70 84 82 66
245        81 95 84 70
246        87 103 95 81
247        100 115 103 87
248        113 124 115 100
249        126 140 124 113
250        141 157 140 126
251        162 174 157 141
252        180 190 174 162
253        201 211 190 180
254        221 235 211 201
255        243 261 235 221
256        268 282 261 243
257        296 313 282 268
258        324 340 313 296
259        354 368 340 324
260        388 398 368 354
261        419 434 398 388
262        456 467 434 419
263        493 503 467 456
264        529 544 503 493
265        569 583 544 529
266        609 623 583 569
267        652 668 623 609
268        697 709 668 652
269        746 754 709 697
270        784 795 754 746
271        74 92 89 72
272        79 94 92 74
273        82 98 94 79
274        84 101 98 82
275        95 110 101 84
276        103 118 110 95
277        115 133 118 103
278        124 142 133 115
279        140 158 142 124
280        157 172 158 140
281        174 187 172 157
282        190 207 187 174
283        211 230 207 190
284        235 252 230 211
285        261 273 252 235
286        282 297 273 261
287        313 326 297 282
288        340 353 326 313
289        368 386 353 340
290        398 418 386 368
291        434 448 418 398
292        467 484 448 434
293        503 522 484 467
294        544 554 522 503
295        583 594 554 544
296        623 638 594 583
297        668 679 638 623
298        709 724 679 668
299        754 772 724 709
300        795 802 772 754
301        92 107 105 89
302        94 112 107 92
303        98 114 112 94
304        101 120 114 98
305        110 129 120 101
306        118 136 129 110
307        133 147 136 118
308        142 161 147 133
309        158 175 161 142
310        172 189 175 158
311        187 206 189 172
312        207 227 206 187
313        230 246 227 207
314        252 267 246 230
315        273 292 267 252
316        297 317 292 273
317        326 344 317 297
318        353 372 344 326
319        386 399 372 353
320        418 433 399 386
321        448 464 433 418
322        484 499 464 448
323        522 538 499 484
324        554 576 538 522
325        594 618 576 554
326        638 656 618 594
327        679 701 656 638
328        724 745 701 679
329        772 782 745 724
330        802 817 782 772
331        107 127 123 105
332        112 131 127 107
333        114 134 131 112
334        120 139 134 114
335        129 146 139 120
336        136 155 146 129
337        147 164 155 136
338        161 181 164 147
339        175 193 181 161
340        189 208 193 175
341        206 228 208 189
342        227 239 228 206
343        246 262 239 227
344        267 289 262 246
345        292 309 289 267
346        317 334 309 292
347        344 361 334 317
348        372 391 361 344
349        399 420 391 372
350        433 451 420 399
351        464 487 451 433
352        499 519 487 464
353        538 550 519 499
354        576 588 550 538
355        618 632 588 576
356        656 674 632 618
357        701 717 674 656
358        745 761 717 701
359        782 798 761 745
360        817 826 798 782
361        127 149 143 123
362        131 152 149 127
363        134 153 152 131
364        139 160 153 134
365        146 166 160 139
366        155 179 166 146
367        164 185 179 155
368        181 200 185 164
369        193 214 200 181
370        208 229 214 193
371        228 247 229 208
372        239 263 247 228
373        262 284 263 239
374        289 305 284 262
375        309 328 305 289
376        334 355 328 309
377        361 384 355 334
378        391 414 384 361
379        420 441 414 391
380        451 471 441 420
381        487 501 471 451
382        519 541 501 487
383        550 579 541 519
384        588 614 579 550
385        632 654 614 588
386        674 695 654 632
387        717 732 695 674
388        761 777 732 717
389        798 808 777 761
390        826 838 808 798
391        149 170 168 143
392        152 173 170 149
393        153 177 173 152
394        160 182 177 153
395        166 186 182 160
396        179 198 186 166
397        185 210 198 179
398        200 219 210 185
399        214 236 219 200
400        229 253 236 214
401        247 266 253 229
402        263 290 266 247
403        284 306 290 263
404        305 327 306 284
405        328 351 327 305
406        355 379 351 328
407        384 405 379 355
408        414 430 405 384
409        441 462 430 414
410        471 496 462 441
411        501 527 496 471
412        541 561 527 501
413        579 596 561 541
414        614 634 596 579
415        654 677 634 614
416        695 714 677 654
417        732 758 714 695
418        777 792 758 732
419        808 822 792 777
420        838 845 822 808
421        170 194 191 168
422        173 197 194 170
423        177 203 197 173
424        182 205 203 177
425        186 212 205 182
426        198 223 212 186
427        210 234 223 198
428        219 240 234 210
429        236 260 240 219
430        253 275 260 236
431        266 291 275 253
432        290 310 291 266
433        306 329 310 290
434        327 350 329 306
435        351 377 350 327
436        379 397 377 351
437        405 427 397 379
438        430 459 427 405
439        462 489 459 430
440        496 516 489 462
441        527 548 516 496
442        561 584 548 527
443        596 621 584 561
444        634 660 621 596
445        677 698 660 634
446        714 740 698 677
447        758 780 740 714
448        792 806 780 758
449        822 836 806 792
450        845 857 836 822
451        194 218 216 191
452        197 222 218 194
453        203 226 222 197
454        205 231 226 203
455        212 238 231 205
456        223 248 238 212
457        234 259 248 223
458        240 269 259 234
459        260 283 269 240
460        275 298 283 260
461        291 319 298 275
462        310 335 319 291
463        329 358 335 310
464        350 380 358 329
465        377 395 380 350
466        397 425 395 377
467        427 454 425 397
468        459 480 454 427
469        489 509 480 459
470        516 542 509 489
471        548 574 542 516
472        584 612 574 548
473        621 646 612 584
474        660 681 646 621
475        698 720 681 660
476        740 765 720 698
477        780 799 765 740
478        806 825 799 780
479        836 848 825 806
480        857 868 848 836
481        218 245 242 216
482        222 251 245 218
483        226 254 251 222
484        231 257 254 226
485        238 264 257 231
486        248 272 264 238
487        259 286 272 248
488        269 295 286 259
489        283 311 295 269
490        298 325 311 283
491        319 346 325 298
492        335 360 346 319
493        358 383 360 335
494        380 406 383 358
495        395 426 406 380
496        425 453 426 395
497        454 478 453 425
498        480 507 478 454
499        509 536 507 480
500        542 571 536 509
501        574 601 571 542
502        612 635 601 574
503        646 670 635 612
504        681 708 670 646
505        720 750 708 681
506        765 786 750 720
507        799 815 786 765
508        825 839 815 799
509        848 861 839 825
510        868 879 861 848
511        245 277 271 242
512        251 279 277 245
513        254 280 279 251
514        257 288 280 254
515        264 294 288 257
516        272 300 294 264
517        286 316 300 272
518        295 323 316 286
519        311 341 323 295
520        325 352 341 311
521        346 371 352 325
522        360 392 371 346
523        383 412 392 360
524        406 431 412 383
525        426 458 431 406
526        453 481 458 426
527        478 508 481 453
528        507 533 508 478
529        536 564 533 507
530        571 592 564 536
531        601 628 592 571
532        635 665 628 601
533        670 705 665 635
534        708 736 705 670
535        750 773 736 708
536        786 804 773 750
537        815 829 804 786
538        839 852 829 815
539        861 873 852 839
540        879 888 873 861
541        277 303 301 271
542        279 308 303 277
543        280 314 308 279
544        288 320 314 280
545        294 322 320 288
546        300 331 322 294
547        316 347 331 300
548        323 357 347 316
549        341 369 357 323
550        352 385 369 341
551        371 400 385 352
552        392 422 400 371
553        412 440 422 392
554        431 463 440 412
555        458 490 463 431
556        481 510 490 458
557        508 539 510 481
558        533 567 539 508
559        564 590 567 533
560        592 626 590 564
561        628 663 626 592
562        665 694 663 628
563        705 729 694 665
564        736 770 729 705
565        773 801 770 736
566        804 823 801 773
567        829 844 823 804
568        852 864 844 829
569        873 883 864 852
570        888 899 883 873
571        303 336 333 301
572        308 339 336 303
573        314 342 339 308
574        320 348 342 314
575        322 356 348 320
576        331 362 356 322
577        347 374 362 331
578        357 387 374 347
579        369 396 387 357
580        385 417 396 369
581        400 432 417 385
582        422 450 432 400
583        440 470 450 422
584        463 495 470 440
585        490 512 495 463
586        510 543 512 490
587        539 570 543 510
588        567 591 570 539
589        590 625 591 567
590        626 659 625 590
591        663 684 659 626
592        694 726 684 663
593        729 763 726 694
594        770 791 763 729
595        801 818 791 770
596        823 842 818 801
597        844 860 842 823
598        864 876 860 844
599        883 892 876 864
600        899 905 892 883
601        336 367 364 333
602        339 373 367 336
603        342 378 373 339
604        348 382 378 342
605        356 390 382 348
606        362 393 390 356
607        374 409 393 362
608        387 421 409 374
609        396 435 421 387
610        417 449 435 396
611        432 465 449 417
612        450 486 465 432
613        470 504 486 450
614        495 528 504 470
615        512 549 528 495
616        543 577 549 512
617        570 602 577 543
618        591 629 602 570
619        625 662 629 591
620        659 687 662 625
621        684 722 687 659
622        726 760 722 684
623        763 789 760 726
624        791 813 789 763
625        818 835 813 791
626        842 856 835 818
627        860 875 856 842
628        876 891 875 860
629        892 904 891 876
630        905 916 904 892
631        367 404 401 364
632        373 408 404 367
633        378 411 408 373
634        382 416 411 378
635        390 424 416 382
636        393 429 424 390
637        409 443 429 393
638        421 457 443 409
639        435 469 457 421
640        449 483 469 435
641        465 500 483 449
642        486 520 500 465
643        504 540 520 486
644        528 560 540 504
645        549 585 560 528
646        577 610 585 549
647        602 636 610 577
648        629 664 636 602
649        662 691 664 629
650        687 725 691 662
651        722 755 725 687
652        760 787 755 722
653        789 810 787 760
654        813 832 810 789
655        835 854 832 813
656        856 871 854 835
657        875 887 871 856
658        891 901 887 875
659        904 914 901 891
660        916 925 914 904
661        404 438 436 401
662        408 445 438 404
663        411 446 445 408
664        416 452 446 411
665        424 461 452 416
666        429 466 461 424
667        443 476 466 429
668        457 494 476 443
669        469 502 494 457
670        483 523 502 469
671        500 537 523 483
672        520 551 537 500
673        540 578 551 520
674        560 595 578 540
675        585 619 595 560
676        610 645 619 585
677        636 671 645 610
678        664 704 671 636
679        691 727 704 664
680        725 764 727 691
681        755 788 764 725
682        787 811 788 755
683        810 830 811 787
684        832 850 830 810
685        854 867 850 832
686        871 884 867 854
687        887 898 884 871
688        901 912 898 887
689        914 923 912 901
690        925 933 923 914
691        438 475 473 436
692        445 482 475 438
693        446 488 482 445
694        452 492 488 446
695        461 498 492 452
696        466 506 498 461
697        476 515 506 466
698        494 530 515 476
699        502 545 530 494
700        523 555 545 502
701        537 575 555 523
702        551 589 575 537
703        578 613 589 551
704        595 633 613 578
705        619 661 633 595
706        645 680 661 619
707        671 711 680 645
708        704 733 711 671
709        727 769 733 704
710        764 790 769 727
711        788 812 790 764
712        811 831 812 788
713        830 849 831 811
714        850 865 849 830
715        867 880 865 850
716        884 895 880 867
717        898 909 895 884
718        912 920 909 898
719        923 931 920 912
720        933 939 931 923
721        475 517 514 473
722        482 524 517 475
723        488 526 524 482
724        492 531 526 488
725        498 535 531 492
726        506 546 535 498
727        515 552 546 506
728        530 568 552 515
729        545 582 568 530
730        555 593 582 545
731        575 617 593 555
732        589 631 617 575
733        613 653 631 589
734        633 676 653 613
735        661 699 676 633
736        680 721 699 661
737        711 749 721 680
738        733 774 749 711
739        769 800 774 733
740        790 819 800 769
741        812 833 819 790
742        831 853 833 812
743        849 866 853 831
744        865 881 866 849
745        880 894 881 865
746        895 907 894 880
747        909 919 907 895
748        920 928 919 909
749        931 938 928 920
750        939 945 938 931
751        517 558 556 514
752        524 562 558 517
753        526 565 562 524
754        531 572 565 526
755        535 580 572 531
756        546 587 580 535
757        552 597 587 546
758        568 611 597 552
759        582 624 611 568
760        593 637 624 582
761        617 655 637 593
762        631 675 655 617
763        653 693 675 631
764        676 715 693 653
765        699 739 715 676
766        721 766 739 699
767        749 785 766 721
768        774 805 785 749
769        800 821 805 774
770        819 841 821 800
771        833 855 841 819
772        853 870 855 833
773        866 885 870 853
774        881 896 885 866
775        894 908 896 881
776        907 917 908 894
777        919 927 917 907
778        928 936 927 919
779        938 943 936 928
780        945 950 943 938
781        558 603 600 556
782        562 605 603 558
783        565 607 605 562
784        572 616 607 565
785        580 622 616 572
786        587 627 622 580
787        597 640 627 587
788        611 651 640 597
789        624 669 651 611
790        637 678 669 624
791        655 702 678 637
792        675 716 702 655
793        693 731 716 675
794        715 759 731 693
795        739 779 759 715
796        766 797 779 739
797        785 814 797 766
798        805 828 814 785
799        821 843 828 805
800        841 859 843 821
801        855 874 859 841
802        870 886 874 855
803        885 897 886 870
804        896 910 897 885
805        908 918 910 896
806        917 926 918 908
807        927 934 926 917
808        936 941 934 927
809        943 949 941 936
810        950 955 949 943
811        603 643 641 600
812        605 647 643 603
813        607 649 647 605
814        616 657 649 607
815        622 666 657 616
816        627 672 666 622
817        640 682 672 627
818        651 696 682 640
819        669 710 696 651
820        678 723 710 669
821        702 743 723 678
822        716 762 743 702
823        731 778 762 716
824        759 793 778 731
825        779 807 793 759
826        797 824 807 779
827        814 840 824 797
828        828 851 840 814
829        843 863 851 828
830        859 877 863 843
831        874 890 877 859
832        886 902 890 874
833        897 911 902 886
834        910 921 911 897
835        918 929 921 910
836        926 935 929 918
837        934 942 935 926
838        941 947 942 934
839        949 953 947 941
840        955 957 953 949
841        643 688 686 641
842        647 692 688 643
843        649 700 692 647
844        657 706 700 649
845        666 712 706 657
846        672 718 712 666
847        682 728 718 672
848        696 744 728 682
849        710 753 744 696
850        723 771 753 710
851        743 781 771 723
852        762 796 781 743
853        778 809 796 762
854        793 820 809 778
855        807 834 820 793
856        824 847 834 807
857        840 862 847 824
858        851 872 862 840
859        863 882 872 851
860        877 893 882 863
861        890 903 893 877
862        902 913 903 890
863        911 922 913 902
864        921 930 922 911
865        929 937 930 921
866        935 944 937 929
867        942 948 944 935
868        947 952 948 942
869        953 956 952 947
870        957 959 956 953
871        688 738 735 686
872        692 741 738 688
873        700 747 741 692
874        706 751 747 700
875        712 757 751 706
876        718 767 757 712
877        728 776 767 718
878        744 783 776 728
879        753 794 783 744
880        771 803 794 753
881        781 816 803 771
882        796 827 816 781
883        809 837 827 796
884        820 846 837 809
885        834 858 846 820
886        847 869 858 834
887        862 878 869 847
888        872 889 878 862
889        882 900 889 872
890        893 906 900 882
891        903 915 906 893
892        913 924 915 903
893        922 932 924 913
894        930 940 932 922
895        937 946 940 930
896        944 951 946 937
897        948 954 951 944
898        952 958 954 948
899        956 960 958 952
900        959 961 960 956