514         -9.609125 -8.938860 0.000000
515         -9.609125 -9.164487 0.000000
516         -9.609125 -8.715546 0.000000
517         -9.609125 -9.392409 0.000000
518         -9.609125 -8.494560 0.000000
519         -9.609125 -9.622608 0.000000
520         -9.609125 -8.275916 0.000000
521         -9.609125 -9.855064 0.000000
522         -9.609125 -8.059627 0.000000
523         -9.609125 -7.845706 0.000000
524         -9.609125 -10.089756 0.000000
525         -9.609125 -7.634161 0.000000
526         -9.609125 -10.326661 0.000000
527         -9.609125 -7.425002 0.000000
528         -9.439507 -9.279237 0.000000
529         -9.609125 -10.565755 0.000000
530         -9.449266 -8.184810 0.000000
531         -9.609125 -7.218237 0.000000
532         -9.389319 -9.448221 0.000000
533         -9.449266 -7.898010 0.000000
534         -9.609125 -10.807011 0.000000
535         -9.409301 -8.035673 0.000000
536         -9.609125 -7.013872 0.000000
537         -9.369336 -9.662765 0.000000
538         -9.392619 -9.972964 0.000000
539         -9.320077 -9.225004 0.000000
540         -9.609125 -11.050403 0.000000
541         -9.304243 -8.614957 0.000000
542         -9.609125 -6.811912 0.000000
543         -9.392619 -10.208762 0.000000
544         -9.320077 -8.229389 0.000000
545         -9.369336 -7.817202 0.000000
546         -9.272485 -8.802972 0.000000
547         -9.381243 -7.569411 0.000000
548         -9.393312 -10.449353 0.000000
549         -9.609125 -11.295903 0.000000
550         -9.232220 -8.431058 0.000000
551         -9.393149 -7.322218 0.000000
552         -9.200462 -9.044739 0.000000
553         -9.469773 -6.953215 0.000000
554         -9.394078 -10.689279 0.000000
555         -9.177209 -8.922717 0.000000
556         -9.609125 -11.543479 0.000000
557         -9.399402 -7.033870 0.000000
558         -9.395297 -10.931561 0.000000
559         -9.156516 -9.729274 0.000000
560         -9.129548 -9.470465 0.000000
561         -9.326252 -7.152116 0.000000
562         -9.176112 -10.090863 0.000000
563         -9.400792 -6.811912 0.000000
564         -9.092370 -9.223444 0.000000
565         -9.129548 -8.000243 0.000000
566         -9.397310 -11.175874 0.000000
567         -9.609125 -11.793100 0.000000
568         -9.092370 -8.237942 0.000000
569         -9.153360 -7.713221 0.000000
570         -9.173538 -10.333187 0.000000
571         -9.177173 -7.426199 0.000000
572         -9.177426 -10.572710 0.000000
573         -9.013248 -8.554537 0.000000
574         -8.999361 -8.735354 0.000000
575         -9.399322 -11.421021 0.000000
576         -8.981489 -8.932913 0.000000
577         -9.609125 -12.044040 0.000000
578         -9.180146 -10.815318 0.000000
579         -8.966473 -9.432220 0.000000
580         -9.168091 -7.127321 0.000000
581         -8.940473 -9.080518 0.000000
582         -8.951067 -9.693005 0.000000
583         -9.401297 -11.669154 0.000000
584         -8.966473 -8.036157 0.000000
585         -8.923142 -8.376772 0.000000
586         -9.182861 -11.057277 0.000000
587         -9.192458 -6.811912 0.000000
588         -8.868465 -9.240079 0.000000
589         -8.864353 -8.800353 0.000000
590         -9.609125 -12.294981 0.000000
591         -8.941998 -7.798902 0.000000
592         -8.844461 -8.647120 0.000000
593         -9.186345 -11.300586 0.000000
594         -8.826244 -8.979644 0.000000
595         -8.882046 -9.908267 0.000000
596         -9.399103 -11.918650 0.000000
597         -8.829786 -8.512416 0.000000
598         -8.817275 -8.727609 0.000000
599         -8.847202 -8.229730 0.000000
600         -8.947994 -10.460411 0.000000
601         -8.905477 -10.235301 0.000000
602         -8.922787 -7.580001 0.000000
603         -8.960671 -10.700612 0.000000
604         -8.764538 -9.102194 0.000000
605         -8.775388 -9.409660 0.000000
606         -9.188700 -11.545033 0.000000
607         -9.609125 -12.545922 0.000000
608         -8.743009 -8.735354 0.000000
609         -8.760539 -8.370260 0.000000
610         -8.783338 -8.060777 0.000000
611         -8.729346 -8.865352 0.000000
612         -8.898768 -7.312677 0.000000
613         -8.729346 -8.605356 0.000000
614         -9.396319 -12.168414 0.000000
615         -8.966219 -10.942006 0.000000
616         -8.936869 -7.088415 0.000000
617         -8.738050 -9.597704 0.000000
618         -8.984125 -6.811912 0.000000
619         -8.688953 -8.989668 0.000000
620         -8.761259 -7.863127 0.000000
621         -8.829236 -7.441033 0.000000
622         -8.688953 -8.481040 0.000000
623         -9.189339 -11.791392 0.000000
624         -8.665630 -9.246693 0.000000
625         -8.970530 -11.183910 0.000000
626         -8.743077 -7.652263 0.000000
627         -9.609125 -12.796862 0.000000
628         -8.665630 -8.224015 0.000000
629         -8.743100 -10.328850 0.000000
630         -9.464408 -12.544140 0.000000
631         -8.623596 -9.102870 0.000000
632         -8.694773 -10.049091 0.000000
633         -9.392049 -12.417779 0.000000
634         -8.652196 -9.763342 0.000000
635         -8.623596 -8.367838 0.000000
636         -8.974686 -11.425710 0.000000
637         -8.749476 -10.577519 0.000000
638         -8.594306 -9.359715 0.000000
639         -9.183514 -12.041847 0.000000
640         -8.573547 -9.524810 0.000000
641         -8.594306 -8.110993 0.000000
642         -8.751044 -10.827319 0.000000
643         -8.536131 -9.200009 0.000000
644         -8.582375 -7.931983 0.000000
645         -8.979122 -11.667940 0.000000
646         -8.655268 -7.448450 0.000000
647         -9.609125 -13.047803 0.000000
648         -8.536131 -8.270699 0.000000
649         -9.392049 -12.668720 0.000000
650         -8.713042 -7.071348 0.000000
651         -8.775792 -6.811912 0.000000
652         -8.651795 -7.295060 0.000000
653         -8.754459 -11.071088 0.000000
654         -8.503575 -9.659131 0.000000
655         -9.179244 -12.291213 0.000000
656         -8.553746 -7.743345 0.000000
657         -9.244395 -12.500782 0.000000
658         -8.983848 -11.909533 0.000000
659         -8.484140 -9.887550 0.000000
660         -8.430382 -9.276841 0.000000
661         -8.758168 -11.309855 0.000000
662         -8.495791 -10.153999 0.000000
663         -8.540183 -10.456833 0.000000
664         -8.414035 -9.449579 0.000000
665         -8.430382 -8.193867 0.000000
666         -9.609125 -13.298743 0.000000
667         -8.504386 -7.536145 0.000000
668         -8.391017 -9.571897 0.000000
669         -8.420191 -8.010468 0.000000
670         -8.539803 -10.689669 0.000000
671         -8.762748 -11.550406 0.000000
672         -8.986336 -12.158235 0.000000
673         -8.363724 -9.749386 0.000000
674         -8.483877 -7.327768 0.000000
675         -9.326415 -12.948208 0.000000
676         -8.379006 -7.834553 0.000000
677         -8.310968 -9.330007 0.000000
678         -8.540280 -10.955187 0.000000
679         -8.567458 -6.811912 0.000000
680         -8.487714 -7.090005 0.000000
681         -8.768237 -11.791764 0.000000
682         -8.286648 -9.465498 0.000000
683         -8.310968 -8.140701 0.000000
684         -9.177646 -12.785881 0.000000
685         -9.371231 -13.154545 0.000000
686         -9.609125 -13.549684 0.000000
687         -8.982066 -12.407601 0.000000
688         -8.541449 -11.194296 0.000000
689         -8.286648 -8.005210 0.000000
690         -8.255442 -9.606981 0.000000
691         -8.328087 -7.608203 0.000000
692         -9.047843 -12.625460 0.000000
693         -8.773934 -12.035520 0.000000
694         -8.292874 -10.281982 0.000000
695         -8.544935 -11.434017 0.000000
696         -8.331492 -10.581953 0.000000
697         -8.183111 -9.357184 0.000000
698         -8.221970 -9.985517 0.000000
699         -8.291916 -7.387044 0.000000
700         -8.183111 -8.113524 0.000000
701         -9.377453 -13.395714 0.000000
702         -8.329273 -10.769139 0.000000
703         -8.207074 -7.843352 0.000000
704         -8.134944 -9.466980 0.000000
705         -9.152243 -13.038155 0.000000
706         -9.609125 -13.800625 0.000000
707         -8.548987 -11.672660 0.000000
708         -8.776606 -12.280146 0.000000
709         -8.308556 -7.110174 0.000000
710         -8.359125 -6.811912 0.000000
711         -8.122434 -9.778874 0.000000
712         -8.323412 -11.084104 0.000000
713         -8.104356 -7.986050 0.000000
714         -8.052397 -9.357184 0.000000
715         -8.137042 -7.675068 0.000000
716         -8.054137 -9.431744 0.000000
717         -8.557422 -11.916775 0.000000
718         -9.149176 -13.204875 0.000000
719         -8.172590 -10.493797 0.000000
720         -9.394754 -13.638656 0.000000
721         -8.052397 -8.113524 0.000000
722         -8.025601 -9.612132 0.000000
723         -8.326122 -11.316892 0.000000
724         -8.762733 -12.519370 0.000000
725         -8.944276 -12.901135 0.000000
726         -8.079561 -10.151732 0.000000
727         -9.609125 -14.051565 0.000000
728         -7.975070 -9.471069 0.000000
729         -8.567045 -12.160636 0.000000
730         -8.025601 -7.858576 0.000000
731         -8.118034 -10.704430 0.000000
732         -8.331547 -11.557871 0.000000
733         -8.053069 -7.466071 0.000000
734         -7.924540 -9.330007 0.000000
735         -8.801301 -12.804093 0.000000
736         -8.095470 -7.151736 0.000000
737         -9.405548 -13.877043 0.000000
738         -7.950733 -8.013274 0.000000
739         -7.924540 -8.140701 0.000000
740         -8.150792 -6.811912 0.000000
741         -8.936687 -13.134376 0.000000
742         -9.134700 -13.490911 0.000000
743         -8.580161 -12.409991 0.000000
744         -8.337886 -11.796180 0.000000
745         -7.913164 -9.950829 0.000000
746         -7.878442 -9.768460 0.000000
747         -7.961596 -10.437586 0.000000
748         -8.052180 -10.921342 0.000000
749         -7.845435 -9.573467 0.000000
750         -9.609125 -14.302506 0.000000
751         -7.828449 -9.417701 0.000000
752         -7.805126 -9.276841 0.000000
753         -9.186834 -13.732128 0.000000
754         -8.344931 -12.046649 0.000000
755         -7.878442 -7.702248 0.000000
756         -7.805126 -8.193867 0.000000
757         -7.832628 -7.908698 0.000000
758         -9.417988 -14.126129 0.000000
759         -8.055877 -11.228708 0.000000
760         -8.556957 -12.652572 0.000000
761         -7.800745 -8.056280 0.000000
762         -8.099429 -11.429819 0.000000
763         -8.901794 -13.352100 0.000000
764         -7.910623 -10.657996 0.000000
765         -8.751504 -13.079393 0.000000
766         -7.820962 -10.124552 0.000000
767         -8.355963 -12.291835 0.000000
768         -7.898802 -10.824045 0.000000
769         -8.115844 -11.657891 0.000000
770         -7.699377 -9.200009 0.000000
771         -9.197098 -13.940511 0.000000
772         -7.942458 -6.811912 0.000000
773         -7.688164 -9.349429 0.000000
774         -7.731283 -9.924789 0.000000
775         -7.699377 -8.270699 0.000000
776         -7.704117 -9.711818 0.000000
777         -9.451221 -14.343860 0.000000
778         -9.036799 -13.739505 0.000000
779         -9.609125 -14.553446 0.000000
780         -7.676950 -9.498848 0.000000
781         -7.836871 -7.178916 0.000000
782         -8.752014 -13.263716 0.000000
783         -8.560311 -12.905613 0.000000
784         -8.956650 -13.639002 0.000000
785         -8.125148 -11.897231 0.000000
786         -7.671476 -8.143635 0.000000
787         -8.371164 -12.545359 0.000000
788         -7.753550 -7.467919 0.000000
789         -7.676950 -7.971860 0.000000
790         -7.868472 -11.072788 0.000000
791         -7.611912 -9.102870 0.000000
792         -7.677226 -7.791080 0.000000
793         -9.491412 -14.514358 0.000000
794         -7.611912 -8.367838 0.000000
795         -7.893139 -11.321933 0.000000
796         -9.232165 -14.208876 0.000000
797         -7.683611 -10.446818 0.000000
798         -8.132508 -12.147454 0.000000
799         -8.568700 -13.149818 0.000000
800         -8.966914 -13.847385 0.000000
801         -7.551948 -9.226779 0.000000
802         -7.546555 -8.989668 0.000000
803         -7.894960 -11.463660 0.000000
804         -8.752841 -13.506490 0.000000
805         -7.613729 -10.146166 0.000000
806         -7.546555 -8.481040 0.000000
807         -7.563047 -9.696134 0.000000
808         -7.546471 -8.332065 0.000000
809         -7.551948 -8.243929 0.000000
810         -7.726988 -10.915395 0.000000
811         -8.351182 -12.785775 0.000000
812         -7.677692 -10.696683 0.000000
813         -9.609125 -14.804387 0.000000
814         -7.506162 -8.865352 0.000000
815         -7.506162 -8.605356 0.000000
816         -7.903357 -11.685276 0.000000
817         -7.492499 -8.735354 0.000000
818         -7.494033 -9.359584 0.000000
819         -8.602744 -13.359656 0.000000
820         -9.286359 -14.432447 0.000000
821         -7.734125 -6.811912 0.000000
822         -7.519803 -8.095061 0.000000
823         -8.137393 -12.385132 0.000000
824         -7.506096 -9.794777 0.000000
825         -7.465716 -9.091521 0.000000
826         -9.401235 -14.615280 0.000000
827         -7.478930 -9.581807 0.000000
828         -7.475552 -8.384428 0.000000
829         -7.631228 -7.100488 0.000000
830         -8.768343 -13.743675 0.000000
831         -7.909807 -11.915949 0.000000
832         -7.478930 -7.888901 0.000000
833         -8.354113 -13.020658 0.000000
834         -7.678062 -11.194998 0.000000
835         -7.397861 -8.952583 0.000000
836         -7.487567 -7.640871 0.000000
837         -7.400984 -8.516549 0.000000
838         -7.508819 -10.456493 0.000000
839         -8.948808 -14.127609 0.000000
840         -8.138525 -12.643288 0.000000
841         -7.404519 -8.217158 0.000000
842         -7.511803 -7.351491 0.000000
843         -7.363376 -9.195478 0.000000
844         -7.683915 -11.417613 0.000000
845         -8.586590 -13.609999 0.000000
846         -9.609125 -15.055328 0.000000
847         -7.351077 -8.634829 0.000000
848         -7.916279 -12.186880 0.000000
849         -7.337120 -8.832464 0.000000
850         -7.342714 -9.459157 0.000000
851         -9.027213 -14.336418 0.000000
852         -7.393854 -10.078829 0.000000
853         -8.368777 -13.255813 0.000000
854         -8.454589 -13.446706 0.000000
855         -8.775753 -14.001034 0.000000
856         -7.690880 -11.670453 0.000000
857         -9.248419 -14.706194 0.000000
858         -7.282445 -9.020995 0.000000
859         -7.326267 -8.047590 0.000000
860         -7.294059 -8.418782 0.000000
861         -7.525792 -6.811912 0.000000
862         -7.459784 -10.818693 0.000000
863         -8.134821 -12.892598 0.000000
864         -9.377425 -14.911058 0.000000
865         -7.280909 -9.664765 0.000000
866         -7.922577 -12.457950 0.000000
867         -7.442115 -7.059633 0.000000
868         -7.248829 -8.904989 0.000000
869         -7.255412 -8.552058 0.000000
870         -9.085104 -14.556819 0.000000
871         -7.396652 -7.217924 0.000000
872         -7.694445 -11.894409 0.000000
873         -7.462986 -11.068063 0.000000
874         -7.206168 -8.735354 0.000000
875         -8.572657 -13.872180 0.000000
876         -7.199478 -9.232007 0.000000
877         -8.795167 -14.232474 0.000000
878         -7.307610 -7.460284 0.000000
879         -9.609125 -15.306268 0.000000
880         -7.470812 -11.320960 0.000000
881         -7.282878 -10.407148 0.000000
882         -8.136183 -13.135433 0.000000
883         -7.189876 -8.221914 0.000000
884         -9.424988 -15.141238 0.000000
885         -7.695678 -12.154715 0.000000
886         -7.218079 -7.751355 0.000000
887         -7.157047 -9.513700 0.000000
888         -7.919657 -12.749908 0.000000
889         -7.123933 -9.018446 0.000000
890         -7.172989 -9.966804 0.000000
891         -7.476202 -11.572510 0.000000
892         -7.111320 -8.854678 0.000000
893         -7.125814 -8.421832 0.000000
894         -8.381667 -13.736533 0.000000
895         -7.111003 -8.603032 0.000000
896         -8.630605 -14.150568 0.000000
897         -8.808070 -14.420291 0.000000
898         -8.170428 -13.366449 0.000000
899         -8.269232 -13.556539 0.000000
900         -9.227167 -14.992414 0.000000
901         -7.243312 -10.698595 0.000000
902         -7.236037 -7.242648 0.000000
903         -7.317458 -6.811912 0.000000
904         -7.108175 -7.999081 0.000000
905         -7.678183 -12.376320 0.000000
906         -7.480219 -11.816134 0.000000
907         -7.248918 -10.947429 0.000000
908         -7.234348 -7.026860 0.000000
909         -7.913394 -13.005898 0.000000
910         -9.024825 -14.862345 0.000000
911         -9.609125 -15.557209 0.000000
912         -7.259334 -11.195189 0.000000
913         -7.108356 -7.496904 0.000000
914         -7.022896 -9.740179 0.000000
915         -9.415825 -15.389631 0.000000
916         -9.224637 -15.173721 0.000000
917         -7.481245 -12.062048 0.000000
918         -6.975232 -9.244037 0.000000
919         -8.600856 -14.362398 0.000000
920         -6.984012 -8.208315 0.000000
921         -7.264595 -11.448775 0.000000
922         -7.933048 -13.254143 0.000000
923         -8.372768 -14.056121 0.000000
924         -7.637591 -12.611306 0.000000
925         -7.018858 -10.328297 0.000000
926         -8.808798 -14.748483 0.000000
927         -6.902489 -8.966103 0.000000
928         -6.908320 -8.443599 0.000000
929         -7.043323 -7.256561 0.000000
930         -8.199322 -13.862704 0.000000
931         -7.010263 -10.561333 0.000000
932         -7.456301 -12.280691 0.000000
933         -9.023870 -15.088238 0.000000
934         -7.977907 -13.482587 0.000000
935         -7.109125 -6.811912 0.000000
936         -6.867108 -8.735354 0.000000
937         -8.070244 -13.676465 0.000000
938         -7.259557 -11.724075 0.000000
939         -6.873503 -9.559395 0.000000
940         -7.024599 -10.819699 0.000000
941         -6.888045 -9.920815 0.000000
942         -9.609125 -15.808150 0.000000
943         -8.374575 -14.252511 0.000000
944         -6.903349 -7.727306 0.000000
945         -7.654094 -12.920076 0.000000
946         -7.004958 -7.028274 0.000000
947         -7.042862 -11.075091 0.000000
948         -9.415825 -15.640571 0.000000
949         -6.859552 -7.959207 0.000000
950         -8.593348 -14.624640 0.000000
951         -7.266299 -11.971026 0.000000
952         -8.807843 -14.974376 0.000000
953         -7.694404 -13.134691 0.000000
954         -7.055682 -11.322315 0.000000
955         -6.869259 -7.498530 0.000000
956         -6.780491 -9.751622 0.000000
957         -7.395182 -12.488673 0.000000
958         -9.150831 -15.441726 0.000000
959         -7.270596 -12.195725 0.000000
960         -6.748320 -8.177604 0.000000
961         -6.705086 -9.110006 0.000000
962         -8.377897 -14.500797 0.000000
963         -6.746216 -9.930802 0.000000
964         -7.731223 -13.382279 0.000000
965         -7.453407 -12.777957 0.000000
966         -6.711693 -9.597782 0.000000
967         -8.961181 -15.303688 0.000000
968         -6.823942 -7.258416 0.000000
969         -6.900792 -6.811912 0.000000
970         -9.423255 -15.862317 0.000000
971         -9.609125 -16.059090 0.000000
972         -6.675617 -8.423008 0.000000
973         -7.027113 -11.660364 0.000000
974         -6.651024 -8.855664 0.000000
975         -6.754283 -10.398741 0.000000
976         -8.095654 -14.151189 0.000000
977         -6.796315 -10.694886 0.000000
978         -6.700474 -10.084343 0.000000
979         -8.804338 -15.205798 0.000000
980         -7.972609 -13.981696 0.000000
981         -6.642108 -9.511614 0.000000
982         -6.820235 -10.962692 0.000000
983         -7.762771 -13.620608 0.000000
984         -6.650127 -9.787248 0.000000
985         -7.220891 -12.396773 0.000000
986         -6.796625 -7.028274 0.000000
987         -7.852475 -13.807757 0.000000
988         -8.537150 -14.894119 0.000000
989         -9.205909 -15.729363 0.000000
990         -6.601383 -8.635646 0.000000
991         -7.042456 -11.943588 0.000000
992         -8.150270 -14.357204 0.000000
993         -9.471580 -16.029682 0.000000
994         -6.833056 -11.209916 0.000000
995         -7.442466 -13.066041 0.000000
996         -8.375801 -14.744764 0.000000
997         -7.243956 -12.652019 0.000000
998         -6.625907 -7.699472 0.000000
999         -7.500759 -13.273348 0.000000
1000         -7.054480 -12.163770 0.000000
1001         -8.589884 -15.089810 0.000000
1002         -6.577061 -7.919280 0.000000
1003         -6.499416 -9.364248 0.000000
1004         -6.599028 -7.469161 0.000000
1005         -7.055213 -12.308698 0.000000
1006         -9.609125 -16.310031 0.000000
1007         -8.946603 -15.612229 0.000000
1008         -8.177403 -14.602770 0.000000
1009         -7.536896 -13.502671 0.000000
1010         -8.793993 -15.447723 0.000000
1011         -6.692458 -6.811912 0.000000
1012         -7.261180 -12.924399 0.000000
1013         -6.458186 -9.044861 0.000000
1014         -6.586143 -10.598412 0.000000
1015         -6.594790 -7.250544 0.000000
1016         -8.640668 -15.290130 0.000000
1017         -6.478471 -8.123728 0.000000
1018         -6.523162 -10.271396 0.000000
1019         -9.196491 -15.970867 0.000000
1020         -6.595982 -10.841047 0.000000
1021         -7.065720 -12.539706 0.000000
1022         -6.588292 -7.028274 0.000000
1023         -9.357501 -16.175492 0.000000
1024         -6.713619 -11.498803 0.000000
1025         -6.679222 -11.365041 0.000000
1026         -7.569169 -13.741748 0.000000
1027         -6.610430 -11.097517 0.000000
1028         -7.864396 -14.282079 0.000000
1029         -6.762788 -11.750569 0.000000
1030         -7.751364 -14.108306 0.000000
1031         -6.372507 -8.840128 0.000000
1032         -6.821100 -11.987321 0.000000
1033         -8.988795 -15.833022 0.000000
1034         -7.949776 -14.459176 0.000000
1035         -7.638654 -13.934541 0.000000
1036         -6.382091 -9.840388 0.000000
1037         -8.297670 -15.013910 0.000000
1038         -8.175308 -14.846736 0.000000
1039         -7.323483 -13.373660 0.000000
1040         -7.239555 -13.193560 0.000000
1041         -6.347954 -8.319609 0.000000
1042         -6.849653 -12.207070 0.000000
1043         -6.326454 -9.199560 0.000000
1044         -7.061514 -12.801740 0.000000
1045         -6.393037 -7.683275 0.000000
1046         -6.899529 -12.401155 0.000000
1047         -8.028534 -14.679514 0.000000
1048         -8.781099 -15.695177 0.000000
1049         -9.609125 -16.560971 0.000000
1050         -8.373875 -15.200616 0.000000
1051         -6.371135 -10.249377 0.000000
1052         -6.344315 -7.894714 0.000000
1053         -6.387932 -7.464862 0.000000
1054         -6.484125 -6.811912 0.000000
1055         -7.087332 -13.051857 0.000000
1056         -7.346435 -13.613310 0.000000
1057         -6.270540 -9.616656 0.000000
1058         -8.626244 -15.589435 0.000000
1059         -6.346134 -10.427873 0.000000
1060         -6.367898 -7.246327 0.000000
1061         -6.367121 -10.705568 0.000000
1062         -6.477799 -11.332040 0.000000
1063         -6.238653 -8.097982 0.000000
1064         -6.211784 -8.528557 0.000000
1065         -6.379958 -7.028274 0.000000
1066         -6.388108 -10.983264 0.000000
1067         -6.189225 -8.996206 0.000000
1068         -6.244108 -10.048861 0.000000
1069         -8.972919 -16.082336 0.000000
1070         -7.104939 -13.282682 0.000000
1071         -6.857128 -12.691294 0.000000
1072         -8.430954 -15.473483 0.000000
1073         -8.768771 -15.881086 0.000000
1074         -7.365666 -13.830688 0.000000
1075         -6.629502 -12.048059 0.000000
1076         -6.158989 -9.392923 0.000000
1077         -6.213996 -7.674052 0.000000
1078         -9.359125 -16.560971 0.000000
1079         -8.104346 -15.114171 0.000000
1080         -9.442458 -16.644618 0.000000
1081         -7.116403 -13.432346 0.000000
1082         -7.639222 -14.414767 0.000000
1083         -9.609125 -16.811912 0.000000
1084         -7.524407 -14.236190 0.000000
1085         -9.152808 -16.391389 0.000000
1086         -7.729637 -14.607617 0.000000
1087         -6.132557 -9.825128 0.000000
1088         -7.405778 -14.063910 0.000000
1089         -6.501299 -11.868724 0.000000
1090         -6.866986 -12.935221 0.000000
1091         -7.950102 -14.951799 0.000000
1092         -6.632163 -12.312949 0.000000
1093         -6.132775 -7.879769 0.000000
1094         -6.096449 -8.308825 0.000000
1095         -6.178581 -7.460885 0.000000
1096         -8.555841 -15.802340 0.000000
1097         -7.811649 -14.809374 0.000000
1098         -6.275792 -6.811912 0.000000
1099         -6.937325 -13.204583 0.000000
1100         -8.148669 -15.305679 0.000000
1101         -6.047440 -9.169192 0.000000
1102         -7.134702 -13.654942 0.000000
1103         -6.039989 -8.791056 0.000000
1104         -6.169436 -10.652583 0.000000
1105         -6.207701 -10.877624 0.000000
1106         -6.106124 -10.257334 0.000000
1107         -6.371555 -11.675292 0.000000
1108         -6.249990 -11.190312 0.000000
1109         -6.634825 -12.577839 0.000000
1110         -6.136967 -7.244935 0.000000
1111         -6.171625 -7.028274 0.000000
1112         -6.067458 -7.677649 0.000000
1113         -6.041559 -7.812396 0.000000
1114         -8.760331 -16.161549 0.000000
1115         -5.986510 -9.653513 0.000000
1116         -5.989759 -8.081890 0.000000
1117         -8.356486 -15.734254 0.000000
1118         -6.486679 -12.322047 0.000000
1119         -9.359125 -16.811912 0.000000
1120         -7.140177 -13.893108 0.000000
1121         -7.944909 -15.210476 0.000000
1122         -5.947278 -8.528494 0.000000
1123         -5.935891 -8.945460 0.000000
1124         -6.902489 -13.418100 0.000000
1125         -6.645205 -12.821883 0.000000
1126         -5.966686 -9.977667 0.000000
1127         -8.157499 -15.552977 0.000000
1128         -6.387774 -12.163696 0.000000
1129         -8.539966 -16.051654 0.000000
1130         -7.427813 -14.537087 0.000000
1131         -6.065559 -10.997026 0.000000
1132         -8.929236 -16.502859 0.000000
1133         -5.963292 -7.461142 0.000000
1134         -6.921966 -13.637516 0.000000
1135         -7.295958 -14.358812 0.000000
1136         -6.067458 -6.811912 0.000000
1137         -5.883023 -9.809868 0.000000
1138         -7.945963 -15.369795 0.000000
1139         -6.654540 -13.065694 0.000000
1140         -5.997972 -10.771644 0.000000
1141         -7.743918 -15.091881 0.000000
1142         -5.847072 -9.373848 0.000000
1143         -5.893906 -7.868433 0.000000
1144         -6.415267 -12.459041 0.000000
1145         -7.508931 -14.752826 0.000000
1146         -5.851389 -8.289927 0.000000
1147         -6.239196 -11.944422 0.000000
1148         -5.813380 -8.748727 0.000000
1149         -8.351494 -15.945515 0.000000
1150         -6.076110 -11.410736 0.000000
1151         -5.797906 -9.153931 0.000000
1152         -5.963292 -7.028274 0.000000
1153         -5.901857 -10.539468 0.000000
1154         -5.859125 -7.677649 0.000000
1155         -7.126427 -14.206805 0.000000
1156         -9.109125 -16.811912 0.000000
1157         -6.432909 -12.707006 0.000000
1158         -7.590162 -15.001878 0.000000
1159         -8.590763 -16.289810 0.000000
1160         -6.933913 -13.879996 0.000000
1161         -6.688421 -13.394551 0.000000
1162         -6.079049 -11.631727 0.000000
1163         -8.145955 -15.801077 0.000000
1164         -5.747253 -9.598210 0.000000
1165         -6.077817 -11.706395 0.000000
1166         -5.859125 -7.244636 0.000000
1167         -5.794207 -10.238258 0.000000
1168         -5.733273 -8.250823 0.000000
1169         -7.950649 -15.613795 0.000000
1170         -5.745040 -10.018340 0.000000
1171         -5.726304 -8.101788 0.000000
1172         -7.739626 -15.349231 0.000000
1173         -6.442894 -12.953488 0.000000
1174         -6.716758 -13.597027 0.000000
1175         -5.979587 -11.469878 0.000000
1176         -8.389045 -16.180782 0.000000
1177         -5.686357 -8.930198 0.000000
1178         -8.724944 -16.550861 0.000000
1179         -6.195709 -12.340244 0.000000
1180         -5.667501 -8.527866 0.000000
1181         -7.231890 -14.639148 0.000000
1182         -8.217993 -16.029787 0.000000
1183         -5.754958 -7.461142 0.000000
1184         -5.659922 -9.362402 0.000000
1185         -5.859125 -6.811912 0.000000
1186         -7.105186 -14.455167 0.000000
1187         -6.910333 -14.111562 0.000000
1188         -5.685143 -7.901823 0.000000
1189         -5.805411 -10.910229 0.000000
1190         -6.239593 -12.589050 0.000000
1191         -5.762631 -10.702905 0.000000
1192         -5.718608 -10.450545 0.000000
1193         -6.734797 -13.840293 0.000000
1194         -5.633489 -9.794607 0.000000
1195         -6.445284 -13.201821 0.000000
1196         -8.859125 -16.811912 0.000000
1197         -5.821829 -11.172420 0.000000
1198         -8.459612 -16.406567 0.000000
1199         -7.288113 -14.864722 0.000000
1200         -5.754958 -7.028274 0.000000
1201         -5.579377 -8.745869 0.000000
1202         -5.650792 -7.677649 0.000000
1203         -5.576260 -9.194602 0.000000
1204         -7.958561 -15.858057 0.000000
1205         -7.530547 -15.281073 0.000000
1206         -7.741727 -15.578216 0.000000
1207         -5.989894 -12.038871 0.000000
1208         -5.555635 -8.369116 0.000000
1209         -6.928566 -14.346872 0.000000
1210         -5.607057 -10.226812 0.000000
1211         -6.486074 -13.474226 0.000000
1212         -5.650792 -7.244636 0.000000
1213         -6.212023 -12.839251 0.000000
1214         -6.752836 -14.083558 0.000000
1215         -6.840478 -14.253969 0.000000
1216         -5.521939 -9.570874 0.000000
1217         -8.520651 -16.598863 0.000000
1218         -5.763594 -11.395436 0.000000
1219         -8.276196 -16.344496 0.000000
1220         -7.320445 -15.098928 0.000000
1221         -6.051020 -12.470324 0.000000
1222         -6.596747 -13.840920 0.000000
1223         -6.262248 -13.087486 0.000000
1224         -5.786543 -11.588162 0.000000
1225         -5.497041 -8.172615 0.000000
1226         -5.523394 -10.059012 0.000000
1227         -6.525478 -13.715036 0.000000
1228         -5.580624 -10.659017 0.000000
1229         -5.546625 -7.461142 0.000000
1230         -5.650792 -6.811912 0.000000
1231         -5.436824 -8.914935 0.000000
1232         -7.036105 -14.741141 0.000000
1233         -5.784078 -11.737499 0.000000
1234         -5.469412 -7.959536 0.000000
1235         -8.609125 -16.811912 0.000000
1236         -6.059177 -12.719828 0.000000
1237         -5.503570 -10.383166 0.000000
1238         -5.410388 -9.347141 0.000000
1239         -7.528353 -15.558432 0.000000
1240         -7.754019 -15.861505 0.000000
1241         -5.399243 -8.792586 0.000000
1242         -5.555877 -10.894968 0.000000
1243         -5.546625 -7.028274 0.000000
1244         -5.380453 -8.731412 0.000000
1245         -7.985477 -16.191773 0.000000
1246         -6.697503 -14.277552 0.000000
1247         -5.442458 -7.677649 0.000000
1248         -6.863059 -14.587537 0.000000
1249         -6.096380 -12.968090 0.000000
1250         -8.299153 -16.570342 0.000000
1251         -6.527335 -13.967103 0.000000
1252         -7.082214 -14.973660 0.000000
1253         -5.383956 -9.779346 0.000000
1254         -5.836633 -12.246766 0.000000
1255         -7.312811 -15.344290 0.000000
1256         -6.008011 -12.846411 0.000000
1257         -6.209589 -13.376618 0.000000
1258         -5.325176 -8.485950 0.000000
1259         -5.442458 -7.244636 0.000000
1260         -5.906331 -12.600405 0.000000
1261         -5.305814 -9.166128 0.000000
1262         -5.373119 -10.212505 0.000000
1263         -5.515281 -11.146294 0.000000
1264         -6.286269 -13.599935 0.000000
1265         -5.274785 -8.935735 0.000000
1266         -5.281022 -8.273131 0.000000
1267         -5.272405 -9.555613 0.000000
1268         -6.874821 -14.836750 0.000000
1269         -6.334199 -13.833045 0.000000
1270         -6.797271 -14.715015 0.000000
1271         -8.359125 -16.811912 0.000000
1272         -5.338292 -7.461142 0.000000
1273         -5.442458 -6.811912 0.000000
1274         -6.064433 -13.226547 0.000000
1275         -7.098957 -15.214288 0.000000
1276         -7.538715 -15.845199 0.000000
1277         -5.486241 -11.356410 0.000000
1278         -6.642171 -14.471545 0.000000
1279         -7.777075 -16.164549 0.000000
1280         -5.906005 -12.849991 0.000000
1281         -5.220902 -9.063954 0.000000
1282         -5.247582 -8.089921 0.000000
1283         -5.628799 -12.044862 0.000000
1284         -6.425560 -14.110889 0.000000
1285         -5.245973 -9.987818 0.000000
1286         -5.494037 -11.544598 0.000000
1287         -8.040639 -16.526098 0.000000
1288         -7.314000 -15.617385 0.000000
1289         -5.338292 -7.028274 0.000000
1290         -5.290296 -10.630585 0.000000
1291         -5.160855 -9.331880 0.000000
1292         -5.197328 -7.875386 0.000000
1293         -5.490340 -11.768602 0.000000
1294         -5.676820 -12.433006 0.000000
1295         -5.905678 -13.099577 0.000000
1296         -6.888323 -15.086982 0.000000
1297         -5.219540 -10.420023 0.000000
1298         -5.121924 -8.850278 0.000000
1299         -6.653933 -14.720758 0.000000
1300         -7.100260 -15.451787 0.000000
1301         -5.234125 -7.244636 0.000000
1302         -6.026070 -13.508936 0.000000
1303         -6.115213 -13.715852 0.000000
1304         -5.484734 -11.963143 0.000000
1305         -5.082108 -9.089998 0.000000
1306         -5.083595 -8.570141 0.000000
1307         -6.195326 -13.936298 0.000000
1308         -5.237515 -10.925984 0.000000
1309         -8.109125 -16.811912 0.000000
1310         -5.228358 -6.956470 0.000000
1311         -7.558185 -16.171262 0.000000
1312         -7.813930 -16.488400 0.000000
1313         -5.107989 -10.196290 0.000000
1314         -7.320744 -15.881503 0.000000
1315         -5.054317 -8.341734 0.000000
1316         -5.234125 -6.811912 0.000000
1317         -5.883251 -13.344613 0.000000
1318         -5.045792 -8.119983 0.000000
1319         -6.281601 -14.262259 0.000000
1320         -5.640406 -12.758819 0.000000
1321         -6.892909 -15.332775 0.000000
1322         -6.665696 -14.969971 0.000000
1323         -5.040048 -7.968495 0.000000
1324         -5.475740 -12.267082 0.000000
1325         -5.197176 -11.161377 0.000000
1326         -5.689353 -12.958465 0.000000
1327         -5.032346 -7.788690 0.000000
1328         -4.998933 -9.785045 0.000000
1329         -7.097503 -15.699934 0.000000
1330         -5.026523 -7.700069 0.000000
1331         -5.111215 -7.029304 0.000000
1332         -5.737127 -13.185283 0.000000
1333         -5.191109 -11.341077 0.000000
1334         -5.896227 -13.598660 0.000000
1335         -5.201530 -11.501033 0.000000
1336         -5.489728 -12.607213 0.000000
1337         -5.309635 -12.075184 0.000000
1338         -4.976437 -7.479957 0.000000
1339         -6.676581 -15.214265 0.000000
1340         -5.900661 -13.779465 0.000000
1341         -4.887383 -9.561312 0.000000
1342         -7.859125 -16.811912 0.000000
1343         -7.582601 -16.493902 0.000000
1344         -6.891112 -15.576289 0.000000
1345         -7.335029 -16.190229 0.000000
1346         -4.852762 -8.796287 0.000000
1347         -5.196602 -11.799705 0.000000
1348         -4.853337 -9.272583 0.000000
1349         -4.843518 -9.051322 0.000000
1350         -6.246233 -14.553476 0.000000
1351         -6.151394 -14.380509 0.000000
1352         -4.881051 -7.889865 0.000000
1353         -5.025792 -6.811912 0.000000
1354         -5.733644 -13.499923 0.000000
1355         -4.833413 -8.563392 0.000000
1356         -4.944246 -7.271209 0.000000
1357         -5.475150 -12.851912 0.000000
1358         -4.860950 -9.993517 0.000000
1359         -4.832880 -8.312703 0.000000
1360         -7.103957 -15.967460 0.000000
1361         -4.956585 -7.104198 0.000000
1362         -4.841220 -8.079783 0.000000
1363         -4.795935 -9.457439 0.000000
1364         -4.910233 -10.764736 0.000000
1365         -6.285687 -14.777274 0.000000
1366         -4.840870 -10.292234 0.000000
1367         -5.287807 -12.448947 0.000000
1368         -6.686215 -15.458137 0.000000
1369         -4.861819 -10.534570 0.000000
1370         -5.473609 -13.035449 0.000000
1371         -5.906331 -14.085405 0.000000
1372         -4.906922 -11.017003 0.000000
1373         -4.778893 -10.106277 0.000000
1374         -6.885447 -15.821575 0.000000
1375         -4.955715 -11.352539 0.000000
1376         -5.333266 -12.769285 0.000000
1377         -5.684874 -13.717943 0.000000
1378         -6.419462 -15.155937 0.000000
1379         -7.609125 -16.811912 0.000000
1380         -7.349164 -16.504033 0.000000
1381         -4.836688 -7.032687 0.000000
1382         -4.886344 -11.233414 0.000000
1383         -7.114740 -16.239438 0.000000
1384         -6.285286 -15.019980 0.000000
1385         -4.909024 -11.457468 0.000000
1386         -5.470225 -13.338476 0.000000
1387         -5.906005 -14.334991 0.000000
1388         -6.458564 -15.344909 0.000000
1389         -4.817458 -6.811912 0.000000
1390         -6.286411 -15.075121 0.000000
1391         -6.677966 -15.699886 0.000000
1392         -5.081465 -12.270806 0.000000
1393         -4.612612 -8.982477 0.000000
1394         -4.612191 -8.720157 0.000000
1395         -4.613041 -9.249692 0.000000
1396         -5.689926 -13.961315 0.000000
1397         -4.611777 -8.462876 0.000000
1398         -4.613476 -9.520218 0.000000
1399         -4.611372 -8.210766 0.000000
1400         -4.754538 -6.958590 0.000000
1401         -4.613910 -9.790745 0.000000
1402         -6.888224 -16.069087 0.000000
1403         -5.258644 -12.975662 0.000000
1404         -4.610976 -7.963938 0.000000
1405         -4.614345 -10.061271 0.000000
1406         -4.902863 -11.830809 0.000000
1407         -5.471341 -13.595496 0.000000
1408         -4.610588 -7.722490 0.000000
1409         -5.109541 -12.642352 0.000000
1410         -4.614780 -10.331797 0.000000
1411         -5.905678 -14.584577 0.000000
1412         -6.267177 -15.233749 0.000000
1413         -4.610209 -7.486504 0.000000
1414         -6.465357 -15.575890 0.000000
1415         -4.615214 -10.602324 0.000000
1416         -5.690741 -14.211158 0.000000
1417         -4.902863 -12.078309 0.000000
1418         -7.359125 -16.811912 0.000000
1419         -4.609838 -7.256047 0.000000
1420         -5.618334 -14.086514 0.000000
1421         -5.256182 -13.218944 0.000000
1422         -7.120582 -16.528920 0.000000
1423         -5.980716 -14.829727 0.000000
1424         -6.672431 -15.948154 0.000000
1425         -4.615649 -10.872850 0.000000
1426         -5.473521 -13.837226 0.000000
1427         -4.609477 -7.031170 0.000000
1428         -6.137866 -15.164247 0.000000
1429         -6.902312 -16.313718 0.000000
1430         -6.270974 -15.434280 0.000000
1431         -5.058989 -12.861397 0.000000
1432         -4.804951 -12.006176 0.000000
1433         -4.616083 -11.143377 0.000000
1434         -4.609125 -6.811912 0.000000
1435         -6.017789 -15.032923 0.000000
1436         -5.691189 -14.432675 0.000000
1437         -5.256745 -13.488340 0.000000
1438         -6.462104 -15.816964 0.000000
1439         -4.616518 -11.413903 0.000000
1440         -5.474335 -14.087069 0.000000
1441         -6.681890 -16.200035 0.000000
1442         -5.042138 -13.099412 0.000000
1443         -4.825631 -12.480662 0.000000
1444         -5.700882 -14.668578 0.000000
1445         -7.109125 -16.811912 0.000000
1446         -5.257565 -13.747609 0.000000
1447         -5.474102 -14.272896 0.000000
1448         -6.883253 -16.571289 0.000000
1449         -6.253287 -15.683156 0.000000
1450         -4.609125 -11.861912 0.000000
1451         -4.825631 -12.728162 0.000000
1452         -5.980086 -15.315194 0.000000
1453         -6.673966 -16.364945 0.000000
1454         -6.449702 -16.066160 0.000000
1455         -5.734393 -14.917837 0.000000
1456         -6.530755 -16.193873 0.000000
1457         -5.041635 -13.423425 0.000000
1458         -4.609125 -12.109412 0.000000
1459         -5.258122 -13.997987 0.000000
1460         -5.473731 -14.480878 0.000000
1461         -5.801447 -15.147045 0.000000
1462         -4.825631 -12.975662 0.000000
1463         -4.609125 -12.356912 0.000000
1464         -6.240885 -15.932352 0.000000
1465         -5.258644 -14.213162 0.000000
1466         -5.041673 -13.713352 0.000000
1467         -6.859125 -16.811912 0.000000
1468         -6.460671 -16.315423 0.000000
1469         -4.825631 -13.223162 0.000000
1470         -6.645081 -16.579495 0.000000
1471         -4.609125 -12.604412 0.000000
1472         -5.472266 -14.739224 0.000000
1473         -4.753463 -13.099412 0.000000
1474         -5.860220 -15.482418 0.000000
1475         -5.041825 -13.979989 0.000000
1476         -4.609125 -12.851912 0.000000
1477         -4.825631 -13.470662 0.000000
1478         -5.257368 -14.478717 0.000000
1479         -6.228483 -16.181548 0.000000
1480         -5.471870 -15.010970 0.000000
1481         -4.609125 -13.099412 0.000000
1482         -6.609125 -16.811912 0.000000
1483         -5.041914 -14.221350 0.000000
1484         -6.412201 -16.561626 0.000000
1485         -4.825549 -13.738266 0.000000
1486         -5.256996 -14.716691 0.000000
1487         -5.733986 -15.609098 0.000000
1488         -5.828560 -15.778974 0.000000
1489         -4.609125 -13.346912 0.000000
1490         -5.041505 -14.475724 0.000000
1491         -4.825562 -13.996237 0.000000
1492         -5.473521 -15.322226 0.000000
1493         -5.257004 -14.936911 0.000000
1494         -6.043804 -16.280224 0.000000
1495         -5.851817 -16.001730 0.000000
1496         -4.609125 -13.594412 0.000000
1497         -6.183928 -16.539675 0.000000
1498         -6.359125 -16.811912 0.000000
1499         -4.825558 -14.249661 0.000000
1500         -5.041344 -14.711910 0.000000
1501         -5.474335 -15.572069 0.000000
1502         -5.257829 -15.200819 0.000000
1503         -4.609125 -13.841912 0.000000
1504         -5.851002 -16.251573 0.000000
1505         -5.041548 -14.907879 0.000000
1506         -5.853709 -16.294015 0.000000
1507         -4.825411 -14.507008 0.000000
1508         -4.609125 -14.089412 0.000000
1509         -5.859125 -16.378899 0.000000
1510         -5.258237 -15.449490 0.000000
1511         -5.475150 -15.821912 0.000000
1512         -5.984125 -16.595406 0.000000
1513         -5.042138 -15.079412 0.000000
1514         -6.109125 -16.811912 0.000000
1515         -4.825326 -14.758633 0.000000
1516         -4.609125 -14.336912 0.000000
1517         -5.691360 -16.383713 0.000000
1518         -5.257585 -15.697706 0.000000
1519         -5.042138 -15.326912 0.000000
1520         -5.474335 -16.071755 0.000000
1521         -4.825422 -14.983703 0.000000
1522         -4.609125 -14.584412 0.000000
1523         -5.748424 -16.588243 0.000000
1524         -5.511282 -16.295181 0.000000
1525         -5.859125 -16.811912 0.000000
1526         -5.042138 -15.574412 0.000000
1527         -5.254307 -15.944768 0.000000
1528         -4.897800 -15.326912 0.000000
1529         -4.825631 -15.203162 0.000000
1530         -4.609125 -14.831912 0.000000
1531         -5.541323 -16.566755 0.000000
1532         -4.825631 -15.450662 0.000000
1533         -5.027471 -15.814100 0.000000
1534         -5.257829 -16.195505 0.000000
1535         -4.609125 -15.079412 0.000000
1536         -5.609125 -16.811912 0.000000
1537         -4.825631 -15.698162 0.000000
1538         -4.609125 -15.326912 0.000000
1539         -5.305052 -16.513452 0.000000
1540         -4.987807 -16.039060 0.000000
1541         -4.825631 -15.945662 0.000000
1542         -4.609125 -15.574412 0.000000
1543         -5.359125 -16.811912 0.000000
1544         -5.058477 -16.379959 0.000000
1545         -4.753463 -16.069412 0.000000
1546         -4.609125 -15.821912 0.000000
1547         -4.825631 -16.193162 0.000000
1548         -5.109125 -16.811912 0.000000
1549         -4.609125 -16.069412 0.000000
1550         -4.859125 -16.564412 0.000000
1551         -4.609125 -16.316912 0.000000
1552         -4.775792 -16.646912 0.000000
1553         -4.859125 -16.811912 0.000000
1554         -4.609125 -16.564412 0.000000
1555         -4.609125 -16.811912 0.000000