1        1365 1384 1435 1423
2        1365 1423 1411 1350
3        1365 1350 1278 1299
4        1365 1299 1322 1384
5        852 805 838 881
6        852 881 925 890
7        852 890 865 824
8        852 824 774 805
9        597 622 635 609
10        597 609 585 573
11        597 573 574 592
12        597 592 613 622
13        786 761 739 756
14        786 756 775 809
15        786 809 841 822
16        786 822 789 761
17        682 677 660 664
18        682 664 668 690
19        682 690 722 704
20        682 704 697 677
21        835 849 817 814
22        835 814 802 825
23        835 825 843 858
24        835 858 868 849
25        594 604 631 619
26        594 619 611 589
27        594 589 574 576
28        594 576 581 604
29        751 773 770 752
30        751 752 734 728
31        751 728 722 749
32        751 749 780 773
33        837 815 817 847
34        837 847 869 860
35        837 860 841 828
36        837 828 806 815
37        689 669 665 683
38        689 683 700 713
39        689 713 730 703
40        689 703 676 669
41        801 825 802 791
42        801 791 770 773
43        801 773 780 818
44        801 818 843 825
45        628 648 665 641
46        628 641 610 599
47        628 599 585 609
48        628 609 635 648
49        624 638 660 643
50        624 643 631 604
51        624 604 581 588
52        624 588 605 638
53        738 713 700 721
54        738 721 739 761
55        738 761 789 757
56        738 757 730 713
57        874 847 817 849
58        874 849 868 892
59        874 892 936 895
60        874 895 869 847
61        640 664 660 638
62        640 638 605 617
63        640 617 634 654
64        640 654 668 664
65        644 641 665 669
66        644 669 676 656
67        644 656 626 620
68        644 620 610 641
69        541 573 585 550
70        541 550 518 516
71        541 516 514 546
72        541 546 574 573
73        850 818 780 827
74        850 827 865 887
75        850 887 918 876
76        850 876 843 818
77        673 711 722 690
78        673 690 668 654
79        673 654 634 659
80        673 659 698 711
81        715 691 676 703
82        715 703 730 755
83        715 755 788 733
84        715 733 699 691
85        859 832 789 822
86        859 822 841 883
87        859 883 920 904
88        859 904 886 832
89        893 883 841 860
90        893 860 869 895
91        893 895 936 928
92        893 928 920 883
93        889 858 843 876
94        889 876 918 927
95        889 927 936 892
96        889 892 868 858
97        792 755 730 757
98        792 757 789 832
99        792 832 886 836
100        792 836 788 755
101        568 599 610 584
102        568 584 565 544
103        568 544 518 550
104        568 550 585 599
105        564 579 605 588
106        564 588 581 552
107        564 552 514 539
108        564 539 560 579
109        746 776 780 749
110        746 749 722 711
111        746 711 698 745
112        746 745 774 776
113        547 551 531 527
114        547 527 525 545
115        547 545 565 569
116        547 569 571 551
117        1065 1054 1011 1022
118        1065 1022 1015 1060
119        1065 1060 1110 1111
120        1065 1111 1098 1054
121        736 740 710 709
122        736 709 699 733
123        736 733 788 781
124        736 781 772 740
125        1243 1230 1185 1200
126        1243 1200 1212 1259
127        1243 1259 1301 1289
128        1243 1289 1273 1230
129        908 903 861 867
130        908 867 871 902
131        908 902 929 946
132        908 946 935 903
133        616 618 587 580
134        616 580 571 612
135        616 612 652 650
136        616 650 651 618
137        986 969 935 946
138        986 946 929 968
139        986 968 1015 1022
140        986 1022 1011 969
141        1152 1136 1098 1111
142        1152 1111 1110 1166
143        1152 1166 1212 1200
144        1152 1200 1185 1136
145        829 821 772 781
146        829 781 788 842
147        829 842 871 867
148        829 867 861 821
149        591 584 610 620
150        591 620 626 602
151        591 602 571 569
152        591 569 565 584
153        667 656 676 691
154        667 691 699 674
155        667 674 652 646
156        667 646 626 656
157        582 617 605 579
158        582 579 560 559
159        582 559 562 595
160        582 595 634 617
161        537 532 517 519
162        537 519 521 538
163        537 538 562 559
164        537 559 560 532
165        1338 1413 1419 1356
166        1338 1356 1301 1272
167        1338 1272 1247 1330
168        1338 1330 1408 1413
169        543 538 521 524
170        543 524 526 548
171        543 548 572 570
172        543 570 562 538
173        1053 1095 1110 1060
174        1053 1060 1015 1004
175        1053 1004 998 1045
176        1053 1045 1077 1095
177        955 1004 1015 968
178        955 968 929 913
179        955 913 886 944
180        955 944 998 1004
181        1229 1272 1301 1259
182        1229 1259 1212 1183
183        1229 1183 1154 1202
184        1229 1202 1247 1272
185        1133 1183 1212 1166
186        1133 1166 1110 1095
187        1133 1095 1077 1112
188        1133 1112 1154 1183
189        554 548 526 529
190        554 529 534 558
191        554 558 586 578
192        554 578 572 548
193        1052 1045 998 1002
194        1052 1002 1017 1063
195        1052 1063 1116 1093
196        1052 1093 1077 1045
197        949 960 1017 1002
198        949 1002 998 944
199        949 944 886 904
200        949 904 920 960
201        1188 1202 1154 1143
202        1188 1143 1116 1171
203        1188 1171 1225 1234
204        1188 1234 1247 1202
205        1362 1404 1408 1352
206        1362 1352 1323 1318
207        1362 1318 1315 1359
208        1362 1359 1399 1404
209        566 558 534 540
210        566 540 549 575
211        566 575 606 593
212        566 593 586 558
213        600 601 562 570
214        600 570 572 603
215        600 603 642 637
216        600 637 629 601
217        632 595 562 601
218        632 601 629 662
219        632 662 698 659
220        632 659 634 595
221        1507 1515 1530 1522
222        1507 1522 1516 1499
223        1507 1499 1483 1490
224        1507 1490 1500 1515
225        1451 1471 1463 1443
226        1451 1443 1409 1431
227        1451 1431 1442 1462
228        1451 1462 1476 1471
229        1537 1542 1538 1532
230        1537 1532 1526 1533
231        1537 1533 1540 1541
232        1537 1541 1546 1542
233        1477 1485 1503 1496
234        1477 1496 1489 1469
235        1477 1469 1442 1457
236        1477 1457 1466 1485
237        1491 1499 1516 1508
238        1491 1508 1503 1485
239        1491 1485 1466 1475
240        1491 1475 1483 1499
241        1521 1529 1538 1535
242        1521 1535 1530 1515
243        1521 1515 1500 1505
244        1521 1505 1513 1529
245        615 603 572 578
246        615 578 586 625
247        615 625 661 653
248        615 653 642 603
249        1094 1063 1017 1041
250        1094 1041 1064 1122
251        1094 1122 1180 1146
252        1094 1146 1116 1063
253        636 625 586 593
254        636 593 606 645
255        636 645 681 671
256        636 671 661 625
257        688 678 642 653
258        688 653 661 695
259        688 695 732 723
260        688 723 712 678
261        1282 1292 1247 1234
262        1282 1234 1225 1266
263        1282 1266 1315 1318
264        1282 1318 1323 1292
265        583 575 549 556
266        583 556 567 596
267        583 596 639 623
268        583 623 606 575
269        614 596 567 577
270        614 577 590 633
271        614 633 657 655
272        614 655 639 596
273        658 645 606 623
274        658 623 639 672
275        658 672 708 693
276        658 693 681 645
277        707 695 661 671
278        707 671 681 717
279        707 717 754 744
280        707 744 732 695
281        762 759 712 723
282        762 723 732 769
283        762 769 816 803
284        762 803 795 759
285        790 748 712 759
286        790 759 795 834
287        790 834 873 810
288        790 810 768 748
289        785 769 732 744
290        785 744 754 798
291        785 798 848 831
292        785 831 816 769
293        729 717 681 693
294        729 693 708 743
295        729 743 787 767
296        729 767 754 717
297        872 831 848 885
298        872 885 917 906
299        872 906 891 856
300        872 856 816 831
301        823 798 754 767
302        823 767 787 840
303        823 840 888 866
304        823 866 848 798
305        731 702 712 748
306        731 748 768 764
307        731 764 747 719
308        731 719 696 702
309        844 803 816 856
310        844 856 891 880
311        844 880 873 834
312        844 834 795 803
313        687 672 639 655
314        687 655 657 692
315        687 692 735 724
316        687 724 708 672
317        684 725 735 692
318        684 692 657 649
319        684 649 627 675
320        684 675 705 725
321        760 743 708 724
322        760 724 735 783
323        760 783 833 811
324        760 811 787 743
325        799 783 735 765
326        799 765 782 819
327        799 819 854 853
328        799 853 833 783
329        863 840 787 811
330        863 811 833 882
331        863 882 922 909
332        863 909 888 840
333        741 765 735 725
334        741 725 705 718
335        741 718 742 763
336        741 763 782 765
337        685 701 742 718
338        685 718 705 675
339        685 675 627 647
340        685 647 666 701
341        804 763 742 784
342        804 784 830 845
343        804 845 854 819
344        804 819 782 763
345        720 701 666 686
346        720 686 706 737
347        720 737 771 753
348        720 753 742 701
349        905 866 888 924
350        905 924 957 932
351        905 932 917 885
352        905 885 848 866
353        965 924 888 945
354        965 945 995 1012
355        965 1012 1044 997
356        965 997 957 924
357        959 932 957 985
358        959 985 1005 1000
359        959 1000 991 951
360        959 951 917 932
361        1021 985 957 997
362        1021 997 1044 1071
363        1021 1071 1109 1046
364        1021 1046 1005 985
365        1055 1012 995 1040
366        1055 1040 1070 1099
367        1055 1099 1139 1090
368        1055 1090 1044 1012
369        1039 1040 995 999
370        1039 999 1009 1056
371        1039 1056 1102 1081
372        1039 1081 1070 1040
373        953 945 888 909
374        953 909 922 964
375        953 964 1009 999
376        953 999 995 945
377        983 964 922 934
378        983 934 937 987
379        983 987 1035 1026
380        983 1026 1009 964
381        898 899 937 934
382        898 934 922 882
383        898 882 833 853
384        898 853 854 899
385        894 930 937 899
386        894 899 854 845
387        894 845 830 875
388        894 875 923 930
389        980 930 923 976
390        980 976 1028 1030
391        980 1030 1035 987
392        980 987 937 930
393        855 896 923 875
394        855 875 830 800
395        855 800 771 839
396        855 839 877 896
397        919 943 923 896
398        919 896 877 897
399        919 897 926 950
400        919 950 962 943
401        1084 1030 1028 1082
402        1084 1082 1130 1135
403        1084 1135 1155 1088
404        1084 1088 1035 1030
405        1086 1082 1028 1034
406        1086 1034 1047 1097
407        1086 1097 1158 1145
408        1086 1145 1130 1082
409        1074 1088 1155 1120
410        1074 1120 1102 1056
411        1074 1056 1009 1026
412        1074 1026 1035 1088
413        992 1008 1047 1034
414        992 1034 1028 976
415        992 976 923 943
416        992 943 962 1008
417        996 1038 1047 1008
418        996 1008 962 950
419        996 950 926 988
420        996 988 1037 1038
421        1091 1038 1037 1079
422        1091 1079 1121 1141
423        1091 1141 1158 1097
424        1091 1097 1047 1038
425        1186 1135 1130 1181
426        1186 1181 1232 1248
427        1186 1248 1278 1209
428        1186 1209 1155 1135
429        1124 1081 1102 1134
430        1124 1134 1174 1161
431        1124 1161 1139 1099
432        1124 1099 1070 1081
433        1160 1134 1102 1120
434        1160 1120 1155 1187
435        1160 1187 1214 1193
436        1160 1193 1174 1134
437        758 737 706 727
438        758 727 750 777
439        758 777 820 796
440        758 796 771 737
441        1042 1032 991 1000
442        1042 1000 1005 1046
443        1042 1046 1109 1092
444        1042 1092 1075 1032
445        851 839 771 796
446        851 796 820 870
447        851 870 926 897
448        851 897 877 839
449        938 906 917 951
450        938 951 991 973
451        938 973 954 921
452        938 921 891 906
453        912 880 891 921
454        912 921 954 947
455        912 947 940 907
456        912 907 873 880
457        1029 1024 954 973
458        1029 973 991 1032
459        1029 1032 1075 1089
460        1029 1089 1107 1024
461        901 862 873 907
462        901 907 940 931
463        901 931 925 881
464        901 881 838 862
465        982 947 954 994
466        982 994 1027 1020
467        982 1020 1014 977
468        982 977 940 947
469        1172 1205 1158 1141
470        1172 1141 1121 1138
471        1172 1138 1169 1206
472        1172 1206 1239 1205
473        1255 1220 1158 1205
474        1255 1205 1239 1288
475        1255 1288 1329 1300
476        1255 1300 1275 1220
477        1100 1127 1169 1138
478        1100 1138 1121 1079
479        1100 1079 1037 1050
480        1100 1050 1072 1127
481        1240 1276 1239 1206
482        1240 1206 1169 1204
483        1240 1204 1245 1279
484        1240 1279 1311 1276
485        1199 1220 1275 1252
486        1199 1252 1232 1181
487        1199 1181 1130 1145
488        1199 1145 1158 1220
489        1296 1268 1232 1252
490        1296 1252 1275 1321
491        1296 1321 1368 1339
492        1296 1339 1322 1268
493        1001 1016 1072 1050
494        1001 1050 1037 988
495        1001 988 926 952
496        1001 952 979 1016
497        1010 1058 1072 1016
498        1010 1016 979 967
499        1010 967 958 1007
500        1010 1007 1048 1058
501        933 952 926 910
502        933 910 900 916
503        933 916 958 967
504        933 967 979 952
505        857 910 926 870
506        857 870 820 826
507        857 826 813 864
508        857 864 900 910
509        1033 1007 958 989
510        1033 989 1019 1069
511        1033 1069 1114 1073
512        1033 1073 1048 1007
513        1096 1117 1072 1058
514        1096 1058 1048 1073
515        1096 1073 1114 1129
516        1096 1129 1149 1117
517        884 915 958 916
518        884 916 900 864
519        884 864 813 846
520        884 846 879 915
521        948 915 879 911
522        948 911 942 970
523        948 970 1019 989
524        948 989 958 915
525        670 663 629 637
526        670 637 642 678
527        670 678 712 702
528        670 702 696 663
529        694 662 629 663
530        694 663 696 719
531        694 719 747 726
532        694 726 698 662
533        1125 1071 1044 1090
534        1125 1090 1139 1173
535        1125 1173 1213 1157
536        1125 1157 1109 1071
537        1223 1173 1139 1195
538        1223 1195 1257 1274
539        1223 1274 1295 1249
540        1223 1249 1213 1173
541        1190 1144 1109 1157
542        1190 1157 1213 1236
543        1190 1236 1260 1221
544        1190 1221 1179 1144
545        1527 1533 1526 1518
546        1527 1518 1511 1520
547        1527 1520 1524 1534
548        1527 1534 1540 1533
549        1403 1431 1409 1376
550        1403 1376 1357 1370
551        1403 1370 1386 1421
552        1403 1421 1442 1431
553        1478 1490 1483 1465
554        1478 1465 1447 1460
555        1478 1460 1472 1486
556        1478 1486 1500 1490
557        1459 1440 1447 1465
558        1459 1465 1483 1475
559        1459 1475 1466 1446
560        1459 1446 1426 1440
561        1336 1376 1409 1367
562        1336 1367 1324 1294
563        1336 1294 1260 1320
564        1336 1320 1357 1376
565        1510 1501 1511 1518
566        1510 1518 1526 1519
567        1510 1519 1513 1502
568        1510 1502 1492 1501
569        1493 1480 1492 1502
570        1493 1502 1513 1505
571        1493 1505 1500 1486
572        1493 1486 1472 1480
573        1455 1461 1492 1480
574        1455 1480 1472 1444
575        1455 1444 1411 1423
576        1455 1423 1435 1461
577        1436 1444 1472 1460
578        1436 1460 1447 1416
579        1436 1416 1371 1387
580        1436 1387 1411 1444
581        1437 1407 1426 1446
582        1437 1446 1466 1457
583        1437 1457 1442 1421
584        1437 1421 1386 1407
585        1326 1332 1386 1370
586        1326 1370 1357 1320
587        1326 1320 1260 1280
588        1326 1280 1295 1332
589        1317 1354 1386 1332
590        1317 1332 1295 1274
591        1317 1274 1257 1302
592        1317 1302 1334 1354
593        1377 1407 1386 1354
594        1377 1354 1334 1340
595        1377 1340 1371 1396
596        1377 1396 1426 1407
597        1303 1307 1371 1340
598        1303 1340 1334 1302
599        1303 1302 1257 1264
600        1303 1264 1269 1307
601        1254 1221 1260 1294
602        1254 1294 1324 1283
603        1254 1283 1233 1207
604        1254 1207 1179 1221
605        1284 1319 1371 1307
606        1284 1307 1269 1251
607        1284 1251 1214 1246
608        1284 1246 1278 1319
609        1392 1443 1463 1417
610        1392 1417 1347 1337
611        1392 1337 1324 1367
612        1392 1367 1409 1443
613        1544 1550 1551 1547
614        1544 1547 1540 1534
615        1544 1534 1524 1539
616        1544 1539 1548 1550
617        972 990 1064 1041
618        972 1041 1017 960
619        972 960 920 928
620        972 928 936 990
621        1314 1288 1239 1276
622        1314 1276 1311 1345
623        1314 1345 1383 1360
624        1314 1360 1329 1288
625        812 810 873 862
626        812 862 838 797
627        812 797 747 764
628        812 764 768 810
629        1344 1321 1275 1300
630        1344 1300 1329 1374
631        1344 1374 1424 1391
632        1344 1391 1368 1321
633        1402 1374 1329 1360
634        1402 1360 1383 1429
635        1402 1429 1453 1441
636        1402 1441 1424 1374
637        1438 1414 1368 1391
638        1438 1391 1424 1454
639        1438 1454 1479 1464
640        1438 1464 1449 1414
641        1388 1414 1449 1430
642        1388 1430 1412 1378
643        1388 1378 1322 1339
644        1388 1339 1368 1414
645        1380 1345 1311 1343
646        1380 1343 1379 1418
647        1380 1418 1445 1422
648        1380 1422 1383 1345
649        1163 1127 1072 1117
650        1163 1117 1149 1182
651        1163 1182 1245 1204
652        1163 1204 1169 1127
653        1176 1219 1245 1182
654        1176 1182 1149 1129
655        1176 1129 1114 1159
656        1176 1159 1198 1219
657        1178 1217 1198 1159
658        1178 1159 1114 1132
659        1178 1132 1156 1196
660        1178 1196 1235 1217
661        1250 1217 1235 1271
662        1250 1271 1309 1287
663        1250 1287 1245 1219
664        1250 1219 1198 1217
665        1452 1428 1412 1430
666        1452 1430 1449 1474
667        1452 1474 1492 1461
668        1452 1461 1435 1428
669        1448 1429 1383 1422
670        1448 1422 1445 1467
671        1448 1467 1482 1470
672        1448 1470 1453 1429
673        1495 1488 1449 1464
674        1495 1464 1479 1504
675        1495 1504 1524 1520
676        1495 1520 1511 1488
677        1147 1089 1075 1128
678        1147 1128 1179 1207
679        1147 1207 1233 1165
680        1147 1165 1107 1089
681        1355 1397 1399 1359
682        1355 1359 1315 1306
683        1355 1306 1298 1346
684        1355 1346 1394 1397
685        1211 1195 1139 1161
686        1211 1161 1174 1227
687        1211 1227 1269 1264
688        1211 1264 1257 1195
689        1085 1132 1114 1069
690        1085 1069 1019 1023
691        1085 1023 1006 1078
692        1085 1078 1156 1132
693        1061 1020 1027 1066
694        1061 1066 1105 1104
695        1061 1104 1106 1059
696        1061 1059 1014 1020
697        975 931 940 977
698        975 977 1014 1018
699        975 1018 1036 978
700        975 978 925 931
701        1349 1393 1394 1346
702        1349 1346 1298 1305
703        1349 1305 1291 1348
704        1349 1348 1395 1393
705        1148 1122 1064 1103
706        1148 1103 1123 1177
707        1148 1177 1231 1201
708        1148 1201 1180 1122
709        1258 1266 1225 1208
710        1258 1208 1180 1244
711        1258 1244 1298 1306
712        1258 1306 1315 1266
713        1312 1343 1311 1279
714        1312 1279 1245 1287
715        1312 1287 1309 1342
716        1312 1342 1379 1343
717        1531 1543 1548 1539
718        1531 1539 1524 1517
719        1531 1517 1509 1523
720        1531 1523 1536 1543
721        1108 1066 1027 1062
722        1108 1062 1107 1150
723        1108 1150 1197 1131
724        1108 1131 1105 1066
725        1067 1103 1064 1031
726        1067 1031 1013 1043
727        1067 1043 1076 1101
728        1067 1101 1123 1103
729        1151 1101 1076 1142
730        1151 1142 1184 1203
731        1151 1203 1231 1177
732        1151 1177 1123 1101
733        1003 1043 1013 961
734        1003 961 918 981
735        1003 981 1036 1057
736        1003 1057 1076 1043
737        1164 1142 1076 1115
738        1164 1115 1137 1194
739        1164 1194 1253 1216
740        1164 1216 1184 1142
741        1087 1115 1076 1057
742        1087 1057 1036 1068
743        1087 1068 1106 1126
744        1087 1126 1137 1115
745        1170 1226 1253 1194
746        1170 1194 1137 1126
747        1170 1126 1106 1167
748        1170 1167 1210 1226
749        1238 1216 1253 1267
750        1238 1267 1291 1261
751        1238 1261 1231 1203
752        1238 1203 1184 1216
753        1328 1341 1291 1267
754        1328 1267 1253 1285
755        1328 1285 1313 1358
756        1328 1358 1401 1341
757        1262 1285 1253 1226
758        1262 1226 1210 1237
759        1262 1237 1290 1297
760        1262 1297 1313 1285
761        1192 1167 1106 1153
762        1192 1153 1191 1228
763        1192 1228 1290 1237
764        1192 1237 1210 1167
765        1242 1228 1191 1189
766        1242 1189 1197 1263
767        1242 1263 1325 1308
768        1242 1308 1290 1228
769        1369 1297 1290 1364
770        1369 1364 1425 1415
771        1369 1415 1410 1366
772        1369 1366 1313 1297
773        1484 1498 1514 1497
774        1484 1497 1479 1468
775        1484 1468 1453 1470
776        1484 1470 1482 1498
777        914 939 918 887
778        914 887 865 890
779        914 890 925 941
780        914 941 956 939
781        1277 1333 1325 1263
782        1277 1263 1197 1218
783        1277 1218 1224 1286
784        1277 1286 1335 1333
785        680 679 651 650
786        680 650 652 674
787        680 674 699 709
788        680 709 710 679
789        878 913 929 902
790        878 902 871 842
791        878 842 788 836
792        878 836 886 913
793        766 745 698 726
794        766 726 747 797
795        766 797 838 805
796        766 805 774 745
797        974 1031 1064 990
798        974 990 936 927
799        974 927 918 961
800        974 961 1013 1031
801        1140 1153 1106 1104
802        1140 1104 1105 1131
803        1140 1131 1197 1189
804        1140 1189 1191 1153
805        1512 1525 1536 1523
806        1512 1523 1509 1494
807        1512 1494 1479 1497
808        1512 1497 1514 1525
809        1372 1382 1439 1433
810        1372 1433 1425 1364
811        1372 1364 1290 1308
812        1372 1308 1325 1382
813        775 794 808 809
814        806 828 808 794
815        841 809 808 828
816        734 714 716 728
817        697 704 716 714
818        722 728 716 704
819        611 608 598 589
820        613 592 598 608
821        574 589 598 592
822        581 576 555 552
823        574 546 555 576
824        514 552 555 546
825        542 536 553 563
826        531 557 553 536
827        587 563 553 557
828        1434 1389 1400 1427
829        1353 1381 1400 1389
830        1419 1427 1400 1381
831        1353 1316 1310 1331
832        1273 1289 1310 1316
833        1301 1331 1310 1289
834        525 523 533 545
835        522 535 533 523
836        565 545 533 535
837        865 827 807 824
838        780 776 807 827
839        774 824 807 776
840        522 520 530 535
841        518 544 530 520
842        565 535 530 544
843        514 515 528 539
844        517 532 528 515
845        560 539 528 532
846        531 551 561 557
847        571 580 561 551
848        587 557 561 580
849        626 646 621 602
850        652 612 621 646
851        571 602 621 612
852        1353 1331 1361 1381
853        1301 1356 1361 1331
854        1419 1381 1361 1356
855        1116 1143 1113 1093
856        1154 1112 1113 1143
857        1077 1093 1113 1112
858        1555 1554 1552 1553
859        1551 1550 1552 1554
860        1548 1553 1552 1550
861        1463 1458 1432 1417
862        1450 1406 1432 1458
863        1347 1417 1432 1406
864        1551 1549 1545 1547
865        1546 1541 1545 1549
866        1540 1547 1545 1541
867        1489 1481 1473 1469
868        1476 1462 1473 1481
869        1442 1469 1473 1462
870        1323 1352 1327 1292
871        1408 1330 1327 1352
872        1247 1292 1327 1330
873        830 784 778 800
874        742 753 778 784
875        771 800 778 753
876        1232 1268 1270 1248
877        1322 1299 1270 1268
878        1278 1248 1270 1299
879        1019 970 993 1023
880        942 971 993 970
881        1006 1023 993 971
882        1526 1532 1528 1519
883        1538 1529 1528 1532
884        1513 1519 1528 1529
885        1213 1249 1256 1236
886        1295 1280 1256 1249
887        1260 1236 1256 1280
888        1027 994 1025 1062
889        954 1024 1025 994
890        1107 1062 1025 1024
891        657 633 630 649
892        590 607 630 633
893        627 649 630 607
894        1426 1396 1420 1440
895        1371 1416 1420 1396
896        1447 1440 1420 1416
897        1322 1378 1390 1384
898        1412 1428 1390 1378
899        1435 1384 1390 1428
900        1479 1454 1456 1468
901        1424 1441 1456 1454
902        1453 1468 1456 1441
903        820 777 793 826
904        750 779 793 777
905        813 826 793 779
906        1411 1387 1351 1350
907        1371 1319 1351 1387
908        1278 1350 1351 1319
909        1109 1144 1118 1092
910        1179 1128 1118 1144
911        1075 1092 1118 1128
912        1511 1501 1487 1488
913        1492 1474 1487 1501
914        1449 1488 1487 1474
915        1116 1146 1168 1171
916        1180 1208 1168 1146
917        1225 1171 1168 1208
918        1083 1119 1080 1049
919        1156 1078 1080 1119
920        1006 1049 1080 1078
921        1106 1068 1051 1059
922        1036 1018 1051 1068
923        1014 1059 1051 1018
924        1231 1261 1281 1265
925        1291 1305 1281 1261
926        1298 1265 1281 1305
927        1231 1265 1241 1201
928        1298 1244 1241 1265
929        1180 1201 1241 1244
930        1479 1494 1506 1504
931        1509 1517 1506 1494
932        1524 1504 1506 1517
933        1269 1227 1222 1251
934        1174 1193 1222 1227
935        1214 1251 1222 1193
936        1214 1187 1215 1246
937        1155 1209 1215 1187
938        1278 1246 1215 1209
939        918 939 966 981
940        956 984 966 939
941        1036 981 966 984
942        1036 984 963 978
943        956 941 963 984
944        925 978 963 941
945        1313 1366 1373 1358
946        1410 1405 1373 1366
947        1401 1358 1373 1405
948        1401 1398 1363 1341
949        1395 1348 1363 1398
950        1291 1341 1363 1348
951        1439 1382 1375 1385
952        1325 1333 1375 1382
953        1335 1385 1375 1333
954        1347 1293 1304 1337
955        1233 1283 1304 1293
956        1324 1337 1304 1283
957        1107 1162 1175 1150
958        1224 1218 1175 1162
959        1197 1150 1175 1218