1         -5.394868 -6.278235 0.000000
2         -5.493304 -6.278693 0.000000
3         -5.394643 -6.378452 0.000000
4         -5.493098 -6.378494 0.000000
5         -5.591740 -6.279151 0.000000
6         -5.394419 -6.478670 0.000000
7         -5.591560 -6.378375 0.000000
8         -5.492915 -6.477780 0.000000
9         -5.591421 -6.476677 0.000000
10         -5.690176 -6.279609 0.000000
11         -5.394194 -6.578887 0.000000
12         -5.690028 -6.378109 0.000000
13         -5.492749 -6.576680 0.000000
14         -5.689935 -6.475376 0.000000
15         -5.591313 -6.574286 0.000000
16         -5.788611 -6.280066 0.000000
17         -5.393969 -6.679105 0.000000
18         -5.788502 -6.377705 0.000000
19         -5.492595 -6.675322 0.000000
20         -5.689884 -6.571719 0.000000
21         -5.591226 -6.671434 0.000000
22         -5.788458 -6.473893 0.000000
23         -5.689861 -6.667446 0.000000
24         -5.788463 -6.568992 0.000000
25         -5.887047 -6.280524 0.000000
26         -5.393745 -6.779322 0.000000
27         -5.886982 -6.377176 0.000000
28         -5.492447 -6.773836 0.000000
29         -5.591149 -6.768350 0.000000
30         -5.886989 -6.472242 0.000000
31         -5.788500 -6.663367 0.000000
32         -5.689851 -6.762865 0.000000
33         -5.887048 -6.566119 0.000000
34         -5.985483 -6.280982 0.000000
35         -5.985468 -6.376532 0.000000
36         -5.393520 -6.879539 0.000000
37         -5.492298 -6.872350 0.000000
38         -5.591072 -6.865267 0.000000
39         -5.788553 -6.757379 0.000000
40         -5.985526 -6.470439 0.000000
41         -5.887143 -6.659204 0.000000
42         -5.689842 -6.858283 0.000000
43         -5.985639 -6.563113 0.000000
44         -5.887256 -6.751893 0.000000
45         -6.083919 -6.281440 0.000000
46         -5.788607 -6.851391 0.000000
47         -6.083957 -6.375786 0.000000
48         -5.492144 -6.970993 0.000000
49         -5.985789 -6.654966 0.000000
50         -5.393295 -6.979757 0.000000
51         -5.590985 -6.962415 0.000000
52         -6.084069 -6.468499 0.000000
53         -5.689818 -6.954010 0.000000
54         -6.084236 -6.559987 0.000000
55         -5.887368 -6.844582 0.000000
56         -5.985958 -6.746407 0.000000
57         -5.788644 -6.945765 0.000000
58         -6.084439 -6.650658 0.000000
59         -6.182355 -6.281898 0.000000
60         -6.182451 -6.374949 0.000000
61         -5.491979 -7.069893 0.000000
62         -5.393070 -7.079974 0.000000
63         -5.590877 -7.060024 0.000000
64         -6.182618 -6.466437 0.000000
65         -5.986126 -6.837849 0.000000
66         -5.887463 -6.937667 0.000000
67         -5.689767 -7.050353 0.000000
68         -6.084660 -6.740922 0.000000
69         -6.182837 -6.556754 0.000000
70         -5.788649 -7.040865 0.000000
71         -6.183091 -6.646290 0.000000
72         -5.986277 -6.929702 0.000000
73         -6.084882 -6.831185 0.000000
74         -6.280791 -6.282356 0.000000
75         -6.280949 -6.374031 0.000000
76         -5.491796 -7.169179 0.000000
77         -5.887523 -7.031545 0.000000
78         -5.590738 -7.158326 0.000000
79         -5.392846 -7.180192 0.000000
80         -6.281171 -6.464269 0.000000
81         -6.183362 -6.735436 0.000000
82         -5.689675 -7.147621 0.000000
83         -6.281442 -6.553429 0.000000
84         -6.085085 -6.921856 0.000000
85         -5.788605 -7.137053 0.000000
86         -5.986390 -7.022376 0.000000
87         -6.281745 -6.641869 0.000000
88         -6.183634 -6.824581 0.000000
89         -5.887529 -7.126611 0.000000
90         -6.379227 -6.282814 0.000000
91         -6.379449 -6.373046 0.000000
92         -5.491590 -7.268980 0.000000
93         -6.282065 -6.729950 0.000000
94         -5.590558 -7.257550 0.000000
95         -6.379729 -6.462010 0.000000
96         -5.392621 -7.280409 0.000000
97         -6.085251 -7.013344 0.000000
98         -5.689527 -7.246121 0.000000
99         -6.183888 -6.914117 0.000000
100         -6.380051 -6.550023 0.000000
101         -5.555430 -7.290882 0.000000
102         -5.986448 -7.116283 0.000000
103         -5.788495 -7.234691 0.000000
104         -5.653880 -7.280419 0.000000
105         -6.282384 -6.818031 0.000000
106         -6.380402 -6.637402 0.000000
107         -5.751324 -7.270840 0.000000
108         -5.887464 -7.223262 0.000000
109         -6.184107 -7.004434 0.000000
110         -6.085363 -7.106057 0.000000
111         -6.380767 -6.724464 0.000000
112         -6.477663 -6.283272 0.000000
113         -5.847833 -7.262082 0.000000
114         -6.477953 -6.372003 0.000000
115         -6.282687 -6.906472 0.000000
116         -6.478290 -6.459674 0.000000
117         -5.986433 -7.211833 0.000000
118         -6.478663 -6.546551 0.000000
119         -5.943481 -7.254080 0.000000
120         -5.705791 -7.354190 0.000000
121         -6.381132 -6.811526 0.000000
122         -6.184273 -7.095923 0.000000
123         -6.479060 -6.632897 0.000000
124         -6.282958 -6.995631 0.000000
125         -5.803777 -7.345409 0.000000
126         -6.085401 -7.200403 0.000000
127         -6.038338 -7.246773 0.000000
128         -6.381482 -6.898906 0.000000
129         -6.479469 -6.718979 0.000000
130         -5.899826 -7.337882 0.000000
131         -6.576098 -6.283729 0.000000
132         -6.576458 -6.370915 0.000000
133         -6.576854 -6.457278 0.000000
134         -6.283180 -7.085869 0.000000
135         -6.184370 -7.188974 0.000000
136         -6.479878 -6.805060 0.000000
137         -6.577278 -6.543025 0.000000
138         -5.994076 -7.331520 0.000000
139         -6.132476 -7.240096 0.000000
140         -6.381805 -6.986919 0.000000
141         -6.577720 -6.628362 0.000000
142         -6.480275 -6.891406 0.000000
143         -6.086664 -7.326234 0.000000
144         -6.578171 -6.713493 0.000000
145         -5.827058 -7.463326 0.000000
146         -6.283338 -7.177544 0.000000
147         -6.225968 -7.233987 0.000000
148         -6.382084 -7.075883 0.000000
149         -6.674534 -6.284187 0.000000
150         -6.674964 -6.369792 0.000000
151         -6.480648 -6.978283 0.000000
152         -5.924691 -7.456971 0.000000
153         -6.675420 -6.454836 0.000000
154         -6.578623 -6.798624 0.000000
155         -6.177730 -7.321933 0.000000
156         -6.675894 -6.539460 0.000000
157         -6.318884 -7.228384 0.000000
158         -6.676381 -6.623804 0.000000
159         -6.382307 -7.166115 0.000000
160         -6.019632 -7.451771 0.000000
161         -6.579065 -6.883960 0.000000
162         -6.480986 -7.065954 0.000000
163         -6.676874 -6.708007 0.000000
164         -6.267413 -7.318529 0.000000
165         -6.579489 -6.969708 0.000000
166         -6.112074 -7.447644 0.000000
167         -6.772970 -6.284645 0.000000
168         -6.773472 -6.368646 0.000000
169         -6.677367 -6.792211 0.000000
170         -6.411298 -7.223221 0.000000
171         -6.773987 -6.452364 0.000000
172         -6.481276 -7.154686 0.000000
173         -6.774511 -6.535868 0.000000
174         -6.355849 -7.315931 0.000000
175         -6.677853 -6.876554 0.000000
176         -6.579885 -7.056071 0.000000
177         -6.202209 -7.444508 0.000000
178         -6.775042 -6.619230 0.000000
179         -5.905807 -7.606207 0.000000
180         -6.775576 -6.702521 0.000000
181         -6.503281 -7.218438 0.000000
182         -6.678327 -6.961178 0.000000
183         -6.003237 -7.602947 0.000000
184         -6.580244 -7.143256 0.000000
185         -6.290230 -7.442280 0.000000
186         -6.776110 -6.785812 0.000000
187         -6.443179 -7.314050 0.000000
188         -6.871406 -6.285103 0.000000
189         -6.871980 -6.367489 0.000000
190         -6.872555 -6.449876 0.000000
191         -6.678783 -7.046222 0.000000
192         -6.097483 -7.600371 0.000000
193         -6.873129 -6.532262 0.000000
194         -6.776640 -6.869175 0.000000
195         -6.873704 -6.614649 0.000000
196         -6.376328 -7.440878 0.000000
197         -6.594904 -7.213969 0.000000
198         -6.529539 -7.312796 0.000000
199         -6.874278 -6.697036 0.000000
200         -6.777165 -6.952679 0.000000
201         -6.188774 -7.598433 0.000000
202         -6.679213 -7.131827 0.000000
203         -6.874852 -6.779422 0.000000
204         -6.969842 -6.285561 0.000000
205         -6.460697 -7.440218 0.000000
206         -6.777679 -7.036396 0.000000
207         -6.970489 -6.366333 0.000000
208         -5.933319 -7.767016 0.000000
209         -6.971123 -6.447388 0.000000
210         -6.277337 -7.597082 0.000000
211         -6.875427 -6.861808 0.000000
212         -6.686240 -7.209753 0.000000
213         -6.971747 -6.528657 0.000000
214         -6.615070 -7.312080 0.000000
215         -6.972365 -6.610068 0.000000
216         -6.030720 -7.767252 0.000000
217         -6.778181 -7.120397 0.000000
218         -6.876001 -6.944195 0.000000
219         -6.972980 -6.691550 0.000000
220         -6.543527 -7.440219 0.000000
221         -6.363399 -7.596270 0.000000
222         -6.973595 -6.773032 0.000000
223         -6.124764 -7.767497 0.000000
224         -6.876576 -7.026581 0.000000
225         -6.699908 -7.311812 0.000000
226         -6.777360 -7.205727 0.000000
227         -7.068278 -6.286019 0.000000
228         -7.068996 -6.365187 0.000000
229         -6.974213 -6.854442 0.000000
230         -7.069690 -6.444916 0.000000
231         -6.447188 -7.595948 0.000000
232         -6.625012 -7.440798 0.000000
233         -7.070365 -6.525065 0.000000
234         -6.877150 -7.108968 0.000000
235         -6.215691 -7.767750 0.000000
236         -7.071027 -6.605494 0.000000
237         -6.974838 -6.935711 0.000000
238         -7.071682 -6.686064 0.000000
239         -5.906548 -7.927950 0.000000
240         -6.784192 -7.311902 0.000000
241         -6.528930 -7.596067 0.000000
242         -6.868337 -7.201827 0.000000
243         -6.975472 -7.016767 0.000000
244         -6.303739 -7.768010 0.000000
245         -7.072338 -6.766633 0.000000
246         -6.705344 -7.441872 0.000000
247         -6.004098 -7.931684 0.000000
248         -7.166714 -6.286477 0.000000
249         -7.073000 -6.847063 0.000000
250         -7.167503 -6.364064 0.000000
251         -6.976119 -7.097539 0.000000
252         -7.168256 -6.442474 0.000000
253         -7.168981 -6.521500 0.000000
254         -6.389150 -7.768278 0.000000
255         -6.608854 -7.596577 0.000000
256         -6.098454 -7.934748 0.000000
257         -6.868062 -7.312262 0.000000
258         -7.073675 -6.927212 0.000000
259         -7.169687 -6.600936 0.000000
260         -6.784714 -7.443358 0.000000
261         -6.959241 -7.197989 0.000000
262         -7.170385 -6.680578 0.000000
263         -7.074369 -7.006941 0.000000
264         -6.472163 -7.768552 0.000000
265         -6.189844 -7.937191 0.000000
266         -7.171082 -6.760220 0.000000
267         -5.828458 -8.071193 0.000000
268         -6.687186 -7.597430 0.000000
269         -7.171789 -6.839657 0.000000
270         -7.075087 -7.086109 0.000000
271         -6.951654 -7.312800 0.000000
272         -7.265149 -6.286934 0.000000
273         -7.266008 -6.362976 0.000000
274         -6.863316 -7.445175 0.000000
275         -5.926317 -8.078023 0.000000
276         -7.266819 -6.440078 0.000000
277         -6.278497 -7.939061 0.000000
278         -6.553018 -7.768831 0.000000
279         -7.267595 -6.517974 0.000000
280         -7.172514 -6.918682 0.000000
281         -7.050146 -7.194152 0.000000
282         -7.268347 -6.596401 0.000000
283         -6.764154 -7.598578 0.000000
284         -6.021466 -8.083712 0.000000
285         -7.269087 -6.675092 0.000000
286         -7.173266 -6.997092 0.000000
287         -6.364640 -7.940405 0.000000
288         -5.707695 -8.180886 0.000000
289         -7.269827 -6.753784 0.000000
290         -6.631954 -7.769116 0.000000
291         -6.941340 -7.447240 0.000000
292         -7.035108 -7.313428 0.000000
293         -6.114098 -8.088340 0.000000
294         -7.174056 -7.074680 0.000000
295         -5.805988 -8.190144 0.000000
296         -7.270579 -6.832211 0.000000
297         -6.839985 -7.599970 0.000000
298         -6.448501 -7.941272 0.000000
299         -7.363585 -6.287392 0.000000
300         -7.141122 -7.190252 0.000000
301         -7.364511 -6.361933 0.000000
302         -5.557627 -8.244887 0.000000
303         -7.365381 -6.437742 0.000000
304         -5.394868 -8.256109 0.000000
305         -7.271354 -6.910107 0.000000
306         -7.366207 -6.514502 0.000000
307         -5.902325 -8.198158 0.000000
308         -6.204408 -8.091989 0.000000
309         -6.709211 -7.769405 0.000000
310         -5.494220 -8.268013 0.000000
311         -5.656436 -8.255826 0.000000
312         -7.367005 -6.591896 0.000000
313         -7.018981 -7.449469 0.000000
314         -7.272166 -6.987209 0.000000
315         -7.118563 -7.314056 0.000000
316         -7.367789 -6.669607 0.000000
317         -5.593571 -8.279917 0.000000
318         -6.530309 -7.941708 0.000000
319         -6.914907 -7.601558 0.000000
320         -5.996843 -8.205014 0.000000
321         -5.754226 -8.265887 0.000000
322         -6.292589 -8.094741 0.000000
323         -7.368573 -6.747318 0.000000
324         -5.692923 -8.291821 0.000000
325         -7.273024 -7.063250 0.000000
326         -6.785029 -7.769698 0.000000
327         -5.851068 -8.275131 0.000000
328         -7.369371 -6.824711 0.000000
329         -7.232243 -7.186225 0.000000
330         -6.089683 -8.210804 0.000000
331         -6.610292 -7.941762 0.000000
332         -5.792274 -8.303725 0.000000
333         -7.096429 -7.451781 0.000000
334         -7.462021 -6.287850 0.000000
335         -6.378834 -8.096677 0.000000
336         -7.463012 -6.360948 0.000000
337         -7.370198 -6.901471 0.000000
338         -6.989147 -7.603292 0.000000
339         -7.463938 -6.435483 0.000000
340         -5.394868 -8.357750 0.000000
341         -5.947037 -8.283623 0.000000
342         -7.464816 -6.511096 0.000000
343         -7.202155 -7.314595 0.000000
344         -6.859649 -7.769994 0.000000
345         -6.180986 -8.215615 0.000000
346         -5.494203 -8.369253 0.000000
347         -7.465662 -6.587429 0.000000
348         -7.371067 -6.977280 0.000000
349         -5.891626 -8.315629 0.000000
350         -6.688678 -7.941481 0.000000
351         -7.466491 -6.664121 0.000000
352         -6.463337 -8.097879 0.000000
353         -5.593533 -8.380602 0.000000
354         -6.042204 -8.291424 0.000000
355         -7.371993 -7.051821 0.000000
356         -7.467321 -6.740813 0.000000
357         -6.270890 -8.219537 0.000000
358         -7.323578 -7.182009 0.000000
359         -7.062932 -7.605125 0.000000
360         -7.173877 -7.454093 0.000000
361         -5.990977 -8.327532 0.000000
362         -5.692856 -8.391808 0.000000
363         -7.468167 -6.817145 0.000000
364         -6.933309 -7.770292 0.000000
365         -6.136643 -8.298597 0.000000
366         -6.546292 -8.098428 0.000000
367         -6.765696 -7.940914 0.000000
368         -7.286025 -7.314954 0.000000
369         -5.792175 -8.402882 0.000000
370         -7.469045 -6.892759 0.000000
371         -7.560457 -6.288308 0.000000
372         -7.561509 -6.360030 0.000000
373         -6.359536 -8.222659 0.000000
374         -7.562492 -6.433315 0.000000
375         -6.090329 -8.339436 0.000000
376         -7.563422 -6.507771 0.000000
377         -5.394868 -8.459391 0.000000
378         -7.469971 -6.967294 0.000000
379         -7.136490 -7.607007 0.000000
380         -7.564316 -6.583008 0.000000
381         -6.230426 -8.305206 0.000000
382         -5.891488 -8.413835 0.000000
383         -5.494167 -8.469997 0.000000
384         -7.006250 -7.770592 0.000000
385         -6.627891 -8.098407 0.000000
386         -7.251517 -7.456323 0.000000
387         -6.841572 -7.940107 0.000000
388         -7.565194 -6.658635 0.000000
389         -5.593459 -8.480398 0.000000
390         -7.415202 -7.177541 0.000000
391         -7.470962 -7.040392 0.000000
392         -6.447064 -8.225068 0.000000
393         -7.566071 -6.734263 0.000000
394         -6.189680 -8.351340 0.000000
395         -5.990797 -8.424679 0.000000
396         -7.370309 -7.315045 0.000000
397         -5.692743 -8.490608 0.000000
398         -6.323627 -8.311312 0.000000
399         -7.566966 -6.809500 0.000000
400         -6.708330 -8.097896 0.000000
401         -7.078711 -7.770894 0.000000
402         -7.210048 -7.608889 0.000000
403         -6.916536 -7.939110 0.000000
404         -7.567896 -6.883956 0.000000
405         -6.533612 -8.226856 0.000000
406         -5.792019 -8.500643 0.000000
407         -7.658893 -6.288766 0.000000
408         -7.329542 -7.458388 0.000000
409         -6.090103 -8.435424 0.000000
410         -7.660003 -6.359193 0.000000
411         -6.289032 -8.363244 0.000000
412         -7.661040 -6.431253 0.000000
413         -7.568878 -6.957240 0.000000
414         -7.662023 -6.504538 0.000000
415         -6.416317 -8.316979 0.000000
416         -5.394868 -8.561031 0.000000
417         -5.891290 -8.510516 0.000000
418         -7.662968 -6.578640 0.000000
419         -6.787800 -8.096977 0.000000
420         -7.507184 -7.172757 0.000000
421         -5.494117 -8.570369 0.000000
422         -7.663896 -6.653149 0.000000
423         -7.569930 -7.028962 0.000000
424         -6.619322 -8.228109 0.000000
425         -6.990816 -7.937969 0.000000
426         -7.150933 -7.771196 0.000000
427         -7.455147 -7.314777 0.000000
428         -6.189404 -8.446080 0.000000
429         -5.593358 -8.579527 0.000000
430         -7.283833 -7.610722 0.000000
431         -7.664823 -6.727659 0.000000
432         -5.990554 -8.520243 0.000000
433         -6.388383 -8.375148 0.000000
434         -6.508571 -8.322270 0.000000
435         -5.692593 -8.588518 0.000000
436         -7.665769 -6.801761 0.000000
437         -7.408144 -7.460204 0.000000
438         -6.866497 -8.095732 0.000000
439         -7.666751 -6.875046 0.000000
440         -6.704333 -8.228918 0.000000
441         -5.791822 -8.597356 0.000000
442         -7.064639 -7.936733 0.000000
443         -6.288703 -8.456660 0.000000
444         -6.089813 -8.529839 0.000000
445         -7.223154 -7.771499 0.000000
446         -7.757329 -6.289224 0.000000
447         -7.758493 -6.358447 0.000000
448         -7.667788 -6.947106 0.000000
449         -7.759584 -6.429313 0.000000
450         -7.358073 -7.612456 0.000000
451         -6.487735 -8.387052 0.000000
452         -7.760619 -6.501412 0.000000
453         -7.599598 -7.167595 0.000000
454         -6.600461 -8.327247 0.000000
455         -5.891045 -8.606053 0.000000
456         -7.540678 -7.314061 0.000000
457         -5.394868 -8.662672 0.000000
458         -7.761618 -6.574332 0.000000
459         -6.944612 -8.094242 0.000000
460         -7.668899 -7.017533 0.000000
461         -5.494056 -8.670493 0.000000
462         -7.762598 -6.647664 0.000000
463         -6.189068 -8.539316 0.000000
464         -6.788784 -8.229372 0.000000
465         -6.387999 -8.467174 0.000000
466         -7.487514 -7.461691 0.000000
467         -7.138234 -7.935448 0.000000
468         -5.593240 -8.678212 0.000000
469         -7.763578 -6.720995 0.000000
470         -5.990264 -8.614621 0.000000
471         -7.295615 -7.771800 0.000000
472         -7.764577 -6.793915 0.000000
473         -5.692420 -8.685835 0.000000
474         -6.692059 -8.331973 0.000000
475         -6.587086 -8.398956 0.000000
476         -7.432995 -7.614044 0.000000
477         -7.022341 -8.092589 0.000000
478         -6.288318 -8.548692 0.000000
479         -7.765612 -6.866014 0.000000
480         -6.089477 -8.623074 0.000000
481         -5.791597 -8.693371 0.000000
482         -6.872816 -8.229558 0.000000
483         -6.487292 -8.477633 0.000000
484         -7.211829 -7.934164 0.000000
485         -7.627038 -7.312807 0.000000
486         -7.855765 -6.289682 0.000000
487         -7.766703 -6.936880 0.000000
488         -7.692515 -7.161991 0.000000
489         -7.856978 -6.357803 0.000000
490         -7.858121 -6.427510 0.000000
491         -5.890771 -8.700826 0.000000
492         -7.859210 -6.498406 0.000000
493         -7.567846 -7.462765 0.000000
494         -7.368556 -7.772101 0.000000
495         -7.767867 -7.006103 0.000000
496         -7.860264 -6.570094 0.000000
497         -6.783439 -8.336510 0.000000
498         -6.188687 -8.631424 0.000000
499         -5.394868 -8.764313 0.000000
500         -6.387565 -8.557979 0.000000
501         -7.099876 -8.090855 0.000000
502         -7.861300 -6.642178 0.000000
503         -6.686438 -8.410860 0.000000
504         -5.493990 -8.770494 0.000000
505         -6.956569 -8.229567 0.000000
506         -7.508826 -7.615436 0.000000
507         -5.989941 -8.708207 0.000000
508         -7.862336 -6.714262 0.000000
509         -5.593113 -8.776675 0.000000
510         -6.586584 -8.488048 0.000000
511         -7.285652 -7.932928 0.000000
512         -7.863390 -6.785950 0.000000
513         -5.692235 -8.782856 0.000000
514         -6.287892 -8.639685 0.000000
515         -6.089109 -8.715523 0.000000
516         -7.442216 -7.772399 0.000000
517         -6.486809 -8.567194 0.000000
518         -7.864480 -6.856845 0.000000
519         -6.874673 -8.340922 0.000000
520         -7.714368 -7.310926 0.000000
521         -7.177411 -8.089120 0.000000
522         -5.791358 -8.789037 0.000000
523         -7.649331 -7.463344 0.000000
524         -7.786006 -7.155882 0.000000
525         -7.040181 -8.229486 0.000000
526         -7.865622 -6.926552 0.000000
527         -6.785789 -8.422764 0.000000
528         -7.954201 -6.290140 0.000000
529         -7.955458 -6.357274 0.000000
530         -5.890481 -8.795217 0.000000
531         -7.956651 -6.425859 0.000000
532         -7.585794 -7.616584 0.000000
533         -7.359931 -7.931787 0.000000
534         -6.685875 -8.498430 0.000000
535         -6.387095 -8.647869 0.000000
536         -6.188275 -8.722780 0.000000
537         -7.957796 -6.495533 0.000000
538         -7.866836 -6.994674 0.000000
539         -7.958907 -6.565931 0.000000
540         -5.394867 -8.865954 0.000000
541         -6.586051 -8.576349 0.000000
542         -7.960003 -6.636692 0.000000
543         -5.989603 -8.801398 0.000000
544         -5.493924 -8.870494 0.000000
545         -7.255139 -8.087467 0.000000
546         -7.516836 -7.772695 0.000000
547         -6.965834 -8.345272 0.000000
548         -7.961098 -6.707453 0.000000
549         -5.592986 -8.875138 0.000000
550         -7.123793 -8.229406 0.000000
551         -6.287439 -8.729986 0.000000
552         -7.962210 -6.777852 0.000000
553         -6.486295 -8.655989 0.000000
554         -5.692050 -8.879876 0.000000
555         -7.802804 -7.308328 0.000000
556         -7.732161 -7.463345 0.000000
557         -6.885141 -8.434667 0.000000
558         -6.088726 -8.807579 0.000000
559         -7.434895 -7.930790 0.000000
560         -6.785165 -8.508790 0.000000
561         -7.963354 -6.847525 0.000000
562         -7.880145 -7.149206 0.000000
563         -7.664126 -7.617437 0.000000
564         -5.791119 -8.884702 0.000000
565         -6.685291 -8.585461 0.000000
566         -7.964547 -6.916110 0.000000
567         -7.333255 -8.085977 0.000000
568         -6.386601 -8.737148 0.000000
569         -7.056995 -8.349621 0.000000
570         -6.187849 -8.813760 0.000000
571         -8.052636 -6.290597 0.000000
572         -7.592654 -7.772988 0.000000
573         -5.890191 -8.889609 0.000000
574         -8.053933 -6.356870 0.000000
575         -7.207546 -8.229414 0.000000
576         -8.055174 -6.424376 0.000000
577         -7.965805 -6.983245 0.000000
578         -6.585493 -8.664057 0.000000
579         -8.056374 -6.492806 0.000000
580         -8.057546 -6.561852 0.000000
581         -5.989265 -8.894589 0.000000
582         -7.510772 -7.929983 0.000000
583         -8.058705 -6.631206 0.000000
584         -6.984493 -8.446571 0.000000
585         -5.394867 -8.967595 0.000000
586         -6.884454 -8.519139 0.000000
587         -6.286971 -8.819941 0.000000
588         -5.493864 -8.970619 0.000000
589         -7.816530 -7.462685 0.000000
590         -6.485761 -8.744273 0.000000
591         -8.059863 -6.700561 0.000000
592         -7.892487 -7.304923 0.000000
593         -6.784529 -8.594543 0.000000
594         -5.592867 -8.973823 0.000000
595         -7.744050 -7.617947 0.000000
596         -7.411951 -8.084732 0.000000
597         -8.061036 -6.769607 0.000000
598         -6.088342 -8.899635 0.000000
599         -5.691877 -8.977193 0.000000
600         -7.148229 -8.354033 0.000000
601         -6.684690 -8.672087 0.000000
602         -7.975002 -7.141898 0.000000
603         -7.291578 -8.229601 0.000000
604         -7.669912 -7.773277 0.000000
605         -8.062235 -6.838037 0.000000
606         -5.790894 -8.980717 0.000000
607         -6.386094 -8.826122 0.000000
608         -8.063477 -6.905542 0.000000
609         -6.187422 -8.904740 0.000000
610         -6.584920 -8.751369 0.000000
611         -7.587789 -7.929416 0.000000
612         -5.889916 -8.984382 0.000000
613         -6.983744 -8.529488 0.000000
614         -8.151072 -6.291055 0.000000
615         -7.083844 -8.458475 0.000000
616         -8.064773 -6.971815 0.000000
617         -8.152401 -6.356604 0.000000
618         -6.883767 -8.603611 0.000000
619         -8.153689 -6.423075 0.000000
620         -7.491422 -8.083813 0.000000
621         -8.154946 -6.490239 0.000000
622         -7.902628 -7.461282 0.000000
623         -5.988943 -8.988176 0.000000
624         -6.783886 -8.680091 0.000000
625         -8.156181 -6.557864 0.000000
626         -7.825792 -7.618066 0.000000
627         -6.485216 -8.832303 0.000000
628         -6.286504 -8.909896 0.000000
629         -7.239609 -8.358571 0.000000
630         -7.376029 -8.230054 0.000000
631         -7.983553 -7.300623 0.000000
632         -8.157407 -6.625721 0.000000
633         -7.748848 -7.773562 0.000000
634         -5.394867 -9.069235 0.000000
635         -5.493813 -9.070991 0.000000
636         -8.158633 -6.693577 0.000000
637         -6.684079 -8.758443 0.000000
638         -6.087975 -8.992084 0.000000
639         -5.592767 -9.072952 0.000000
640         -8.159869 -6.761202 0.000000
641         -7.666175 -7.929135 0.000000
642         -8.070649 -7.133897 0.000000
643         -5.691728 -9.075103 0.000000
644         -6.385587 -8.915096 0.000000
645         -8.161125 -6.828366 0.000000
646         -7.083033 -8.539848 0.000000
647         -6.584339 -8.838484 0.000000
648         -6.983005 -8.612679 0.000000
649         -5.790697 -9.077430 0.000000
650         -7.571860 -8.083302 0.000000
651         -7.183196 -8.470379 0.000000
652         -6.187011 -8.996096 0.000000
653         -6.883081 -8.688083 0.000000
654         -8.162413 -6.894837 0.000000
655         -7.461040 -8.230863 0.000000
656         -5.889672 -9.079918 0.000000
657         -7.331207 -8.363296 0.000000
658         -6.783236 -8.765502 0.000000
659         -7.909581 -7.617744 0.000000
660         -8.163742 -6.960386 0.000000
661         -7.990649 -7.459054 0.000000
662         -8.249508 -6.291513 0.000000
663         -8.250863 -6.356485 0.000000
664         -7.829702 -7.773841 0.000000
665         -6.484672 -8.920332 0.000000
666         -8.252195 -6.421972 0.000000
667         -6.286050 -9.000197 0.000000
668         -8.253509 -6.487845 0.000000
669         -5.988652 -9.082553 0.000000
670         -8.076141 -7.295337 0.000000
671         -6.683462 -8.844664 0.000000
672         -7.746158 -7.929189 0.000000
673         -8.254812 -6.553976 0.000000
674         -8.256109 -6.620235 0.000000
675         -7.082244 -8.621761 0.000000
676         -7.182324 -8.550230 0.000000
677         -7.653460 -8.083281 0.000000
678         -6.087638 -9.085320 0.000000
679         -8.257406 -6.686494 0.000000
680         -6.982276 -8.696074 0.000000
681         -5.394867 -9.170876 0.000000
682         -5.493777 -9.171735 0.000000
683         -8.167159 -7.125138 0.000000
684         -6.385093 -9.004375 0.000000
685         -5.592693 -9.172748 0.000000
686         -7.282547 -8.482283 0.000000
687         -6.583758 -8.925598 0.000000
688         -8.258709 -6.752624 0.000000
689         -6.882394 -8.772555 0.000000
690         -7.546750 -8.232117 0.000000
691         -5.691614 -9.173904 0.000000
692         -7.423096 -8.368273 0.000000
693         -8.260024 -6.818497 0.000000
694         -6.186629 -9.088204 0.000000
695         -6.782584 -8.850845 0.000000
696         -5.790541 -9.175191 0.000000
697         -7.995643 -7.616932 0.000000
698         -7.912715 -7.774115 0.000000
699         -8.261356 -6.883984 0.000000
700         -8.080784 -7.455918 0.000000
701         -6.484138 -9.008617 0.000000
702         -5.889473 -9.176599 0.000000
703         -7.827966 -7.929625 0.000000
704         -8.262710 -6.948956 0.000000
705         -6.682845 -8.930886 0.000000
706         -6.285624 -9.091190 0.000000
707         -8.347944 -6.291971 0.000000
708         -8.170391 -7.288975 0.000000
709         -7.181484 -8.630873 0.000000
710         -7.081471 -8.704079 0.000000
711         -8.349317 -6.356527 0.000000
712         -7.736415 -8.083830 0.000000
713         -8.350691 -6.421082 0.000000
714         -5.988409 -9.178118 0.000000
715         -7.281616 -8.560645 0.000000
716         -6.981551 -8.779607 0.000000
717         -8.352065 -6.485638 0.000000
718         -8.353438 -6.550193 0.000000
719         -7.633298 -8.233904 0.000000
720         -7.381899 -8.494187 0.000000
721         -6.881707 -8.857026 0.000000
722         -8.354812 -6.614749 0.000000
723         -7.515350 -8.373564 0.000000
724         -6.583185 -9.012910 0.000000
725         -6.087349 -9.179735 0.000000
726         -6.384622 -9.094264 0.000000
727         -8.356185 -6.679305 0.000000
728         -8.264603 -7.115559 0.000000
729         -5.394867 -9.272517 0.000000
730         -5.493761 -9.272975 0.000000
731         -6.781932 -8.936188 0.000000
732         -8.357558 -6.743860 0.000000
733         -5.592654 -9.273433 0.000000
734         -7.998126 -7.774383 0.000000
735         -8.084206 -7.615581 0.000000
736         -6.186293 -9.181440 0.000000
737         -5.691548 -9.273891 0.000000
738         -7.911828 -7.930491 0.000000
739         -8.358932 -6.808416 0.000000
740         -8.173226 -7.451792 0.000000
741         -7.180668 -8.712109 0.000000
742         -6.483624 -9.097412 0.000000
743         -5.790442 -9.274348 0.000000
744         -7.080709 -8.786666 0.000000
745         -7.280726 -8.640028 0.000000
746         -8.360306 -6.872971 0.000000
747         -7.820918 -8.085032 0.000000
748         -6.682233 -9.017242 0.000000
749         -6.980830 -8.863207 0.000000
750         -7.380910 -8.571104 0.000000
751         -5.889336 -9.274806 0.000000
752         -6.285240 -9.183222 0.000000
753         -8.361679 -6.937527 0.000000
754         -7.720826 -8.236314 0.000000
755         -8.266440 -7.281448 0.000000
756         -6.881020 -8.941498 0.000000
757         -7.608041 -8.379231 0.000000
758         -7.481250 -8.506091 0.000000
759         -5.988229 -9.275264 0.000000
760         -6.582627 -9.100618 0.000000
761         -6.384189 -9.185070 0.000000
762         -6.781283 -9.021599 0.000000
763         -6.087123 -9.275722 0.000000
764         -8.086175 -7.774643 0.000000
765         -8.363053 -7.105097 0.000000
766         -7.997971 -7.931836 0.000000
767         -7.179867 -8.793740 0.000000
768         -8.175497 -7.613643 0.000000
769         -7.279866 -8.720177 0.000000
770         -7.079952 -8.869388 0.000000
771         -7.379970 -8.649243 0.000000
772         -7.907163 -8.086969 0.000000
773         -6.186017 -9.276180 0.000000
774         -8.268167 -7.446592 0.000000
775         -6.980108 -8.946808 0.000000
776         -6.681633 -9.103868 0.000000
777         -6.483141 -9.186972 0.000000
778         -7.480206 -8.581618 0.000000
779         -7.809472 -8.239435 0.000000
780         -6.880333 -9.025970 0.000000
781         -7.701242 -8.385338 0.000000
782         -6.284911 -9.276638 0.000000
783         -7.580602 -8.517995 0.000000
784         -8.364426 -7.272667 0.000000
785         -6.582094 -9.188919 0.000000
786         -7.279027 -8.800836 0.000000
787         -6.780639 -9.107147 0.000000
788         -7.179075 -8.875569 0.000000
789         -7.379066 -8.728297 0.000000
790         -6.383804 -9.277096 0.000000
791         -8.177101 -7.774896 0.000000
792         -8.086623 -7.933705 0.000000
793         -7.079195 -8.952110 0.000000
794         -7.479216 -8.658530 0.000000
795         -8.269743 -7.611067 0.000000
796         -7.995344 -8.089720 0.000000
797         -6.979384 -9.030340 0.000000
798         -7.579504 -8.592198 0.000000
799         -7.899376 -8.243357 0.000000
800         -6.681048 -9.190899 0.000000
801         -8.365799 -7.440237 0.000000
802         -6.482698 -9.277554 0.000000
803         -6.879647 -9.110442 0.000000
804         -7.795025 -8.391946 0.000000
805         -7.679953 -8.529899 0.000000
806         -7.278198 -8.881750 0.000000
807         -7.378187 -8.807961 0.000000
808         -7.178282 -8.957398 0.000000
809         -7.478269 -8.736480 0.000000
810         -6.581592 -9.278011 0.000000
811         -6.780004 -9.192901 0.000000
812         -7.078433 -9.034697 0.000000
813         -7.578467 -8.667906 0.000000
814         -8.178014 -7.936148 0.000000
815         -8.271145 -7.775141 0.000000
816         -8.085653 -8.093370 0.000000
817         -6.978654 -9.113736 0.000000
818         -8.367173 -7.607807 0.000000
819         -7.990679 -8.248168 0.000000
820         -7.678806 -8.602855 0.000000
821         -6.680486 -9.278469 0.000000
822         -6.878960 -9.194913 0.000000
823         -7.889464 -8.399120 0.000000
824         -7.377320 -8.887931 0.000000
825         -7.277368 -8.962664 0.000000
826         -7.477349 -8.815123 0.000000
827         -7.177482 -9.039029 0.000000
828         -7.779305 -8.541803 0.000000
829         -7.577475 -8.744741 0.000000
830         -7.077660 -9.117015 0.000000
831         -6.779379 -9.278927 0.000000
832         -7.677721 -8.677383 0.000000
833         -6.977916 -9.196926 0.000000
834         -8.272370 -7.939213 0.000000
835         -8.178286 -8.097998 0.000000
836         -8.368547 -7.775377 0.000000
837         -8.083519 -8.253958 0.000000
838         -7.778111 -8.613599 0.000000
839         -7.376453 -8.967900 0.000000
840         -7.476443 -8.894112 0.000000
841         -7.276529 -9.043323 0.000000
842         -6.878273 -9.279385 0.000000
843         -7.576513 -8.822329 0.000000
844         -7.984631 -8.406921 0.000000
845         -7.176666 -9.120265 0.000000
846         -7.676684 -8.753092 0.000000
847         -7.878656 -8.553706 0.000000
848         -7.076871 -9.198928 0.000000
849         -7.776981 -8.686979 0.000000
850         -6.977167 -9.279843 0.000000
851         -7.475537 -8.973100 0.000000
852         -7.375574 -9.047565 0.000000
853         -8.273435 -8.103686 0.000000
854         -8.369920 -7.942946 0.000000
855         -7.575565 -8.900292 0.000000
856         -7.275669 -9.123471 0.000000
857         -7.877420 -8.624443 0.000000
858         -8.178038 -8.260815 0.000000
859         -7.675678 -8.829586 0.000000
860         -7.175826 -9.200907 0.000000
861         -8.080600 -8.415412 0.000000
862         -7.775898 -8.761545 0.000000
863         -7.076060 -9.280301 0.000000
864         -7.978008 -8.565610 0.000000
865         -7.876245 -8.696706 0.000000
866         -7.474617 -9.051743 0.000000
867         -7.374671 -9.126619 0.000000
868         -7.574618 -8.978256 0.000000
869         -7.274779 -9.202854 0.000000
870         -7.674688 -8.906473 0.000000
871         -7.174954 -9.280759 0.000000
872         -7.774846 -8.836902 0.000000
873         -8.371294 -8.110516 0.000000
874         -7.976734 -8.635396 0.000000
875         -8.274374 -8.268828 0.000000
876         -8.177442 -8.424657 0.000000
877         -7.875116 -8.770113 0.000000
878         -7.473669 -9.129693 0.000000
879         -7.573656 -9.055844 0.000000
880         -7.373731 -9.204757 0.000000
881         -8.077359 -8.577514 0.000000
882         -7.673698 -8.983361 0.000000
883         -7.273848 -9.281216 0.000000
884         -7.975515 -8.706579 0.000000
885         -7.773811 -8.912654 0.000000
886         -7.874017 -8.844283 0.000000
887         -8.076052 -8.646471 0.000000
888         -8.372667 -8.278086 0.000000
889         -7.572664 -9.132679 0.000000
890         -7.472680 -9.206605 0.000000
891         -7.974339 -8.778809 0.000000
892         -7.672692 -9.059855 0.000000
893         -7.372742 -9.281674 0.000000
894         -8.275231 -8.434717 0.000000
895         -7.772775 -8.988407 0.000000
896         -8.176711 -8.589418 0.000000
897         -7.872933 -8.918835 0.000000
898         -8.074792 -8.716614 0.000000
899         -7.973190 -8.851738 0.000000
900         -7.571627 -9.208387 0.000000
901         -7.471635 -9.282132 0.000000
902         -7.671655 -9.135563 0.000000
903         -8.175376 -8.657677 0.000000
904         -7.771724 -9.063764 0.000000
905         -8.073568 -8.787647 0.000000
906         -7.871850 -8.993387 0.000000
907         -8.374040 -8.445656 0.000000
908         -7.972056 -8.925016 0.000000
909         -8.276062 -8.601322 0.000000
910         -8.174076 -8.726824 0.000000
911         -7.570529 -9.282590 0.000000
912         -7.670570 -9.210092 0.000000
913         -7.770641 -9.138330 0.000000
914         -8.072367 -8.859274 0.000000
915         -7.870751 -9.067557 0.000000
916         -8.274705 -8.669026 0.000000
917         -7.970921 -8.998294 0.000000
918         -8.172803 -8.796638 0.000000
919         -8.071179 -8.931197 0.000000
920         -7.669423 -9.283048 0.000000
921         -7.769510 -9.211709 0.000000
922         -7.869622 -9.140965 0.000000
923         -8.273367 -8.737225 0.000000
924         -8.375414 -8.613226 0.000000
925         -8.171548 -8.866897 0.000000
926         -7.969773 -9.071222 0.000000
927         -8.069990 -9.003120 0.000000
928         -8.374040 -8.680529 0.000000
929         -7.768317 -9.283506 0.000000
930         -8.272045 -8.805797 0.000000
931         -7.868446 -9.213227 0.000000
932         -8.170301 -8.937378 0.000000
933         -7.968597 -9.143453 0.000000
934         -8.372667 -8.747831 0.000000
935         -8.068789 -9.074747 0.000000
936         -8.270732 -8.874616 0.000000
937         -7.867210 -9.283964 0.000000
938         -8.169055 -9.007858 0.000000
939         -7.967378 -9.214636 0.000000
940         -8.371294 -8.815134 0.000000
941         -8.067565 -9.145780 0.000000
942         -8.269424 -8.943559 0.000000
943         -8.167800 -9.078117 0.000000
944         -8.369920 -8.882437 0.000000
945         -7.966104 -9.284422 0.000000
946         -8.268116 -9.012502 0.000000
947         -8.066305 -9.215923 0.000000
948         -8.166527 -9.147931 0.000000
949         -8.368547 -8.949739 0.000000
950         -8.266803 -9.081321 0.000000
951         -8.064998 -9.284879 0.000000
952         -8.165227 -9.217079 0.000000
953         -8.367173 -9.017042 0.000000
954         -8.265480 -9.149892 0.000000
955         -8.365799 -9.084345 0.000000
956         -8.163892 -9.285337 0.000000
957         -8.264143 -9.218091 0.000000
958         -8.364426 -9.151648 0.000000
959         -8.262785 -9.285795 0.000000
960         -8.363053 -9.218950 0.000000
961         -8.361679 -9.286253 0.000000