1        711 663 662 707
2        713 666 663 711
3        717 668 666 713
4        718 673 668 717
5        722 674 673 718
6        727 679 674 722
7        732 688 679 727
8        739 693 688 732
9        746 699 693 739
10        753 704 699 746
11        663 617 614 662
12        666 619 617 663
13        668 621 619 666
14        673 625 621 668
15        674 632 625 673
16        679 636 632 674
17        688 640 636 679
18        693 645 640 688
19        699 654 645 693
20        704 660 654 699
21        617 574 571 614
22        619 576 574 617
23        621 579 576 619
24        625 580 579 621
25        632 583 580 625
26        636 591 583 632
27        640 597 591 636
28        645 605 597 640
29        654 608 605 645
30        660 616 608 654
31        574 529 528 571
32        576 531 529 574
33        579 537 531 576
34        580 539 537 579
35        583 542 539 580
36        591 548 542 583
37        597 552 548 591
38        605 561 552 597
39        608 566 561 605
40        616 577 566 608
41        529 489 486 528
42        531 490 489 529
43        537 492 490 531
44        539 496 492 537
45        542 502 496 539
46        548 508 502 542
47        552 512 508 548
48        561 518 512 552
49        566 526 518 561
50        577 538 526 566
51        489 447 446 486
52        490 449 447 489
53        492 452 449 490
54        496 458 452 492
55        502 462 458 496
56        508 469 462 502
57        512 472 469 508
58        518 479 472 512
59        526 487 479 518
60        538 495 487 526
61        447 410 407 446
62        449 412 410 447
63        452 414 412 449
64        458 418 414 452
65        462 422 418 458
66        469 431 422 462
67        472 436 431 469
68        479 439 436 472
69        487 448 439 479
70        495 460 448 487
71        410 372 371 407
72        412 374 372 410
73        414 376 374 412
74        418 380 376 414
75        422 388 380 418
76        431 393 388 422
77        436 399 393 431
78        439 404 399 436
79        448 413 404 439
80        460 423 413 448
81        372 336 334 371
82        374 339 336 372
83        376 342 339 374
84        380 347 342 376
85        388 351 347 380
86        393 356 351 388
87        399 363 356 393
88        404 370 363 399
89        413 378 370 404
90        423 391 378 413
91        336 301 299 334
92        339 303 301 336
93        342 306 303 339
94        347 312 306 342
95        351 316 312 347
96        356 323 316 351
97        363 328 323 356
98        370 337 328 363
99        378 348 337 370
100        391 355 348 378
101        301 273 272 299
102        303 276 273 301
103        306 279 276 303
104        312 282 279 306
105        316 285 282 312
106        323 289 285 316
107        328 296 289 323
108        337 305 296 328
109        348 314 305 337
110        355 325 314 348
111        273 250 248 272
112        276 252 250 273
113        279 253 252 276
114        282 259 253 279
115        285 262 259 282
116        289 266 262 285
117        296 269 266 289
118        305 280 269 296
119        314 286 280 305
120        325 294 286 314
121        250 228 227 248
122        252 230 228 250
123        253 233 230 252
124        259 236 233 253
125        262 238 236 259
126        266 245 238 262
127        269 249 245 266
128        280 258 249 269
129        286 263 258 280
130        294 270 263 286
131        228 207 204 227
132        230 209 207 228
133        233 213 209 230
134        236 215 213 233
135        238 219 215 236
136        245 222 219 238
137        249 229 222 245
138        258 237 229 249
139        263 243 237 258
140        270 251 243 263
141        207 189 188 204
142        209 190 189 207
143        213 193 190 209
144        215 195 193 213
145        219 199 195 215
146        222 203 199 219
147        229 211 203 222
148        237 218 211 229
149        243 224 218 237
150        251 234 224 243
151        189 168 167 188
152        190 171 168 189
153        193 173 171 190
154        195 178 173 193
155        199 180 178 195
156        203 186 180 199
157        211 194 186 203
158        218 200 194 211
159        224 206 200 218
160        234 217 206 224
161        168 150 149 167
162        171 153 150 168
163        173 156 153 171
164        178 158 156 173
165        180 163 158 178
166        186 169 163 180
167        194 175 169 186
168        200 182 175 194
169        206 191 182 200
170        217 202 191 206
171        150 132 131 149
172        153 133 132 150
173        156 137 133 153
174        158 141 137 156
175        163 144 141 158
176        169 154 144 163
177        175 161 154 169
178        182 165 161 175
179        191 176 165 182
180        202 184 176 191
181        132 114 112 131
182        133 116 114 132
183        137 118 116 133
184        141 123 118 137
185        144 129 123 141
186        154 136 129 144
187        161 142 136 154
188        165 151 142 161
189        176 162 151 165
190        184 172 162 176
191        114 91 90 112
192        116 95 91 114
193        118 100 95 116
194        123 106 100 118
195        129 111 106 123
196        136 121 111 129
197        142 128 121 136
198        151 140 128 142
199        162 148 140 151
200        172 159 148 162
201        91 75 74 90
202        95 80 75 91
203        100 83 80 95
204        106 87 83 100
205        111 93 87 106
206        121 105 93 111
207        128 115 105 121
208        140 124 115 128
209        148 134 124 140
210        159 146 134 148
211        75 60 59 74
212        80 64 60 75
213        83 69 64 80
214        87 71 69 83
215        93 81 71 87
216        105 88 81 93
217        115 99 88 105
218        124 109 99 115
219        134 122 109 124
220        146 135 122 134
221        60 47 45 59
222        64 52 47 60
223        69 54 52 64
224        71 58 54 69
225        81 68 58 71
226        88 73 68 81
227        99 84 73 88
228        109 97 84 99
229        122 110 97 109
230        135 126 110 122
231        47 35 34 45
232        52 40 35 47
233        54 43 40 52
234        58 49 43 54
235        68 56 49 58
236        73 65 56 68
237        84 72 65 73
238        97 86 72 84
239        110 102 86 97
240        126 117 102 110
241        35 27 25 34
242        40 30 27 35
243        43 33 30 40
244        49 41 33 43
245        56 44 41 49
246        65 55 44 56
247        72 66 55 65
248        86 77 66 72
249        102 89 77 86
250        117 108 89 102
251        27 18 16 25
252        30 22 18 27
253        33 24 22 30
254        41 31 24 33
255        44 39 31 41
256        55 46 39 44
257        66 57 46 55
258        77 70 57 66
259        89 85 70 77
260        108 103 85 89
261        18 12 10 16
262        22 14 12 18
263        24 20 14 22
264        31 23 20 24
265        39 32 23 31
266        46 42 32 39
267        57 53 42 46
268        70 67 53 57
269        85 82 67 70
270        103 98 82 85
271        12 7 5 10
272        14 9 7 12
273        20 15 9 14
274        23 21 15 20
275        32 29 21 23
276        42 38 29 32
277        53 51 38 42
278        67 63 51 53
279        82 78 63 67
280        98 94 78 82
281        7 4 2 5
282        9 8 4 7
283        15 13 8 9
284        21 19 13 15
285        29 28 19 21
286        38 37 28 29
287        51 48 37 38
288        63 61 48 51
289        78 76 61 63
290        94 92 76 78
291        4 3 1 2
292        8 6 3 4
293        13 11 6 8
294        19 17 11 13
295        28 26 17 19
296        37 36 26 28
297        48 50 36 37
298        61 62 50 48
299        76 79 62 61
300        92 96 79 76
301        92 104 101 96
302        94 107 104 92
303        98 113 107 94
304        103 119 113 98
305        108 127 119 103
306        117 139 127 108
307        126 147 139 117
308        135 157 147 126
309        146 170 157 135
310        159 181 170 146
311        172 197 181 159
312        184 212 197 172
313        202 226 212 184
314        217 242 226 202
315        234 261 242 217
316        251 281 261 234
317        270 300 281 251
318        294 329 300 270
319        325 358 329 294
320        355 390 358 325
321        391 420 390 355
322        423 453 420 391
323        460 488 453 423
324        495 524 488 460
325        538 562 524 495
326        577 602 562 538
327        616 642 602 577
328        660 683 642 616
329        704 728 683 660
330        753 765 728 704
331        104 125 120 101
332        107 130 125 104
333        113 138 130 107
334        119 143 138 113
335        127 155 143 119
336        139 164 155 127
337        147 174 164 139
338        157 187 174 147
339        170 198 187 157
340        181 214 198 170
341        197 225 214 181
342        212 240 225 197
343        226 257 240 212
344        242 271 257 226
345        261 292 271 242
346        281 315 292 261
347        300 343 315 281
348        329 368 343 300
349        358 396 368 329
350        390 427 396 358
351        420 456 427 390
352        453 485 456 420
353        488 520 485 453
354        524 555 520 488
355        562 592 555 524
356        602 631 592 562
357        642 670 631 602
358        683 708 670 642
359        728 755 708 683
360        765 784 755 728
361        125 152 145 120
362        130 160 152 125
363        138 166 160 130
364        143 177 166 138
365        155 185 177 143
366        164 196 185 155
367        174 205 196 164
368        187 220 205 174
369        198 232 220 187
370        214 246 232 198
371        225 260 246 214
372        240 274 260 225
373        257 291 274 240
374        271 313 291 257
375        292 333 313 271
376        315 360 333 292
377        343 386 360 315
378        368 408 386 343
379        396 437 408 368
380        427 466 437 396
381        456 493 466 427
382        485 523 493 456
383        520 556 523 485
384        555 589 556 520
385        592 622 589 555
386        631 661 622 592
387        670 700 661 631
388        708 740 700 670
389        755 774 740 708
390        784 801 774 755
391        152 183 179 145
392        160 192 183 152
393        166 201 192 160
394        177 210 201 166
395        185 221 210 177
396        196 231 221 185
397        205 241 231 196
398        220 255 241 205
399        232 268 255 220
400        246 283 268 232
401        260 297 283 246
402        274 319 297 260
403        291 338 319 274
404        313 359 338 291
405        333 379 359 313
406        360 402 379 333
407        386 430 402 360
408        408 450 430 386
409        437 476 450 408
410        466 506 476 437
411        493 532 506 466
412        523 563 532 493
413        556 595 563 523
414        589 626 595 556
415        622 659 626 589
416        661 697 659 622
417        700 735 697 661
418        740 768 735 700
419        774 795 768 740
420        801 818 795 774
421        183 216 208 179
422        192 223 216 183
423        201 235 223 192
424        210 244 235 201
425        221 254 244 210
426        231 264 254 221
427        241 278 264 231
428        255 290 278 241
429        268 309 290 255
430        283 326 309 268
431        297 344 326 283
432        319 364 344 297
433        338 384 364 319
434        359 401 384 338
435        379 426 401 359
436        402 445 426 379
437        430 471 445 402
438        450 494 471 430
439        476 516 494 450
440        506 546 516 476
441        532 572 546 506
442        563 604 572 532
443        595 633 604 563
444        626 664 633 595
445        659 698 664 626
446        697 734 698 659
447        735 764 734 697
448        768 791 764 735
449        795 815 791 768
450        818 836 815 795
451        216 247 239 208
452        223 256 247 216
453        235 265 256 223
454        244 277 265 235
455        254 287 277 244
456        264 298 287 254
457        278 318 298 264
458        290 331 318 278
459        309 350 331 290
460        326 367 350 309
461        344 387 367 326
462        364 403 387 344
463        384 425 403 364
464        401 442 425 384
465        426 467 442 401
466        445 484 467 426
467        471 511 484 445
468        494 533 511 471
469        516 559 533 494
470        546 582 559 516
471        572 611 582 546
472        604 641 611 572
473        633 672 641 604
474        664 703 672 633
475        698 738 703 664
476        734 766 738 698
477        764 792 766 734
478        791 814 792 764
479        815 834 814 791
480        836 854 834 815
481        247 275 267 239
482        256 284 275 247
483        265 293 284 256
484        277 308 293 265
485        287 322 308 277
486        298 335 322 287
487        318 352 335 298
488        331 366 352 318
489        350 385 366 331
490        367 400 385 350
491        387 419 400 367
492        403 438 419 387
493        425 459 438 403
494        442 477 459 425
495        467 501 477 442
496        484 521 501 467
497        511 545 521 484
498        533 567 545 511
499        559 596 567 533
500        582 620 596 559
501        611 650 620 582
502        641 677 650 611
503        672 712 677 641
504        703 747 712 672
505        738 772 747 703
506        766 796 772 738
507        792 816 796 766
508        814 835 816 792
509        834 853 835 814
510        854 873 853 834
511        275 295 288 267
512        284 307 295 275
513        293 320 307 284
514        308 330 320 293
515        322 345 330 308
516        335 357 345 322
517        352 373 357 335
518        366 392 373 352
519        385 405 392 366
520        400 424 405 385
521        419 440 424 400
522        438 464 440 419
523        459 482 464 438
524        477 505 482 459
525        501 525 505 477
526        521 550 525 501
527        545 575 550 521
528        567 603 575 545
529        596 630 603 567
530        620 655 630 596
531        650 690 655 620
532        677 719 690 650
533        712 754 719 677
534        747 779 754 712
535        772 799 779 747
536        796 819 799 772
537        816 837 819 796
538        835 858 837 816
539        853 875 858 835
540        873 888 875 853
541        295 311 302 288
542        307 321 311 295
543        320 327 321 307
544        330 341 327 320
545        345 354 341 330
546        357 365 354 345
547        373 381 365 357
548        392 398 381 373
549        405 415 398 392
550        424 434 415 405
551        440 454 434 424
552        464 474 454 440
553        482 497 474 464
554        505 519 497 482
555        525 547 519 505
556        550 569 547 525
557        575 600 569 550
558        603 629 600 575
559        630 657 629 603
560        655 692 657 630
561        690 723 692 655
562        719 757 723 690
563        754 781 757 719
564        779 804 781 754
565        799 823 804 779
566        819 844 823 799
567        837 861 844 819
568        858 876 861 837
569        875 894 876 858
570        888 907 894 875
571        311 310 304 302
572        321 317 310 311
573        327 324 317 321
574        341 332 324 327
575        354 349 332 341
576        365 361 349 354
577        381 375 361 365
578        398 394 375 381
579        415 411 394 398
580        434 433 411 415
581        454 451 433 434
582        474 475 451 454
583        497 503 475 474
584        519 527 503 497
585        547 557 527 519
586        569 584 557 547
587        600 615 584 569
588        629 651 615 600
589        657 686 651 629
590        692 720 686 657
591        723 758 720 692
592        757 783 758 723
593        781 805 783 757
594        804 828 805 781
595        823 847 828 804
596        844 864 847 823
597        861 881 864 844
598        876 896 881 861
599        894 909 896 876
600        907 924 909 894
601        959 957 960 961
602        956 952 957 959
603        951 947 952 956
604        945 939 947 951
605        937 931 939 945
606        929 921 931 937
607        920 912 921 929
608        911 900 912 920
609        901 890 900 911
610        893 880 890 901
611        883 869 880 893
612        871 860 869 883
613        863 848 860 871
614        850 833 848 863
615        842 822 833 850
616        831 811 822 842
617        821 800 811 831
618        810 785 800 821
619        802 777 785 810
620        790 761 777 802
621        782 752 761 790
622        773 736 752 782
623        763 725 736 773
624        759 714 725 763
625        751 702 714 759
626        743 696 702 751
627        737 691 696 743
628        733 685 691 737
629        730 682 685 733
630        729 681 682 730
631        957 954 958 960
632        952 948 954 957
633        947 941 948 952
634        939 933 941 947
635        931 922 933 939
636        921 913 922 931
637        912 902 913 921
638        900 889 902 912
639        890 878 889 900
640        880 867 878 890
641        869 856 867 880
642        860 845 856 869
643        848 830 845 860
644        833 817 830 848
645        822 803 817 833
646        811 787 803 822
647        800 776 787 811
648        785 760 776 800
649        777 742 760 785
650        761 726 742 777
651        752 706 726 761
652        736 694 706 752
653        725 678 694 736
654        714 669 678 725
655        702 656 669 714
656        696 649 656 702
657        691 643 649 696
658        685 639 643 691
659        682 635 639 685
660        681 634 635 682
661        954 950 955 958
662        948 943 950 954
663        941 935 943 948
664        933 926 935 941
665        922 915 926 933
666        913 904 915 922
667        902 892 904 913
668        889 879 892 902
669        878 866 879 889
670        867 852 866 878
671        856 841 852 867
672        845 827 841 856
673        830 812 827 845
674        817 797 812 830
675        803 780 797 817
676        787 762 780 803
677        776 748 762 787
678        760 724 748 776
679        742 701 724 760
680        726 684 701 742
681        706 667 684 726
682        694 652 667 706
683        678 638 652 694
684        669 623 638 678
685        656 612 623 669
686        649 606 612 656
687        643 599 606 649
688        639 594 599 643
689        635 588 594 639
690        634 585 588 635
691        950 946 953 955
692        943 938 946 950
693        935 927 938 943
694        926 917 927 935
695        915 906 917 926
696        904 895 906 915
697        892 882 895 904
698        879 868 882 892
699        866 851 868 879
700        852 839 851 866
701        841 825 839 852
702        827 808 825 841
703        812 793 808 827
704        797 775 793 812
705        780 756 775 797
706        762 731 756 780
707        748 705 731 762
708        724 687 705 748
709        701 665 687 724
710        684 644 665 701
711        667 628 644 684
712        652 609 628 667
713        638 598 609 652
714        623 581 598 638
715        612 573 581 623
716        606 564 573 612
717        599 554 564 606
718        594 549 554 599
719        588 544 549 594
720        585 540 544 588
721        946 942 949 953
722        938 932 942 946
723        927 919 932 938
724        917 908 919 927
725        906 897 908 917
726        895 885 897 906
727        882 870 885 895
728        868 855 870 882
729        851 840 855 868
730        839 824 840 851
731        825 806 824 839
732        808 788 806 825
733        793 770 788 808
734        775 749 770 793
735        756 721 749 775
736        731 695 721 756
737        705 671 695 731
738        687 647 671 705
739        665 627 647 687
740        644 607 627 665
741        628 587 607 644
742        609 570 587 628
743        598 558 570 609
744        581 543 558 598
745        573 530 543 581
746        564 522 530 573
747        554 513 522 564
748        549 509 513 554
749        544 504 509 549
750        540 499 504 544
751        942 936 944 949
752        932 925 936 942
753        919 914 925 932
754        908 899 914 919
755        897 886 899 908
756        885 872 886 897
757        870 859 872 885
758        855 843 859 870
759        840 826 843 855
760        824 807 826 840
761        806 786 807 824
762        788 767 786 806
763        770 744 767 788
764        749 716 744 770
765        721 689 716 749
766        695 658 689 721
767        671 637 658 695
768        647 610 637 671
769        627 590 610 647
770        607 568 590 627
771        587 551 568 607
772        570 536 551 587
773        558 515 536 570
774        543 507 515 558
775        530 491 507 543
776        522 481 491 530
777        513 473 481 522
778        509 468 473 513
779        504 461 468 509
780        499 457 461 504
781        936 930 940 944
782        925 918 930 936
783        914 905 918 925
784        899 891 905 914
785        886 877 891 899
786        872 862 877 886
787        859 846 862 872
788        843 829 846 859
789        826 809 829 843
790        807 789 809 826
791        786 769 789 807
792        767 741 769 786
793        744 710 741 767
794        716 680 710 744
795        689 653 680 716
796        658 624 653 689
797        637 601 624 658
798        610 578 601 637
799        590 553 578 610
800        568 535 553 590
801        551 514 535 568
802        536 498 514 551
803        515 480 498 536
804        507 470 480 515
805        491 455 470 507
806        481 441 455 491
807        473 435 441 481
808        468 429 435 473
809        461 421 429 468
810        457 416 421 461
811        930 923 934 940
812        918 910 923 930
813        905 898 910 918
814        891 884 898 905
815        877 865 884 891
816        862 849 865 877
817        846 832 849 862
818        829 813 832 846
819        809 794 813 829
820        789 771 794 809
821        769 745 771 789
822        741 709 745 769
823        710 675 709 741
824        680 648 675 710
825        653 618 648 680
826        624 593 618 653
827        601 565 593 624
828        578 541 565 601
829        553 517 541 578
830        535 500 517 553
831        514 478 500 535
832        498 463 478 514
833        480 444 463 498
834        470 432 444 480
835        455 417 432 470
836        441 406 417 455
837        435 397 406 441
838        429 389 397 435
839        421 383 389 429
840        416 377 383 421
841        923 916 928 934
842        910 903 916 923
843        898 887 903 910
844        884 874 887 898
845        865 857 874 884
846        849 838 857 865
847        832 820 838 849
848        813 798 820 832
849        794 778 798 813
850        771 750 778 794
851        745 715 750 771
852        709 676 715 745
853        675 646 676 709
854        648 613 646 675
855        618 586 613 648
856        593 560 586 618
857        565 534 560 593
858        541 510 534 565
859        517 483 510 541
860        500 465 483 517
861        478 443 465 500
862        463 428 443 478
863        444 409 428 463
864        432 395 409 444
865        417 382 395 432
866        406 369 382 417
867        397 362 369 406
868        389 353 362 397
869        383 346 353 389
870        377 340 346 383
871        916 909 924 928
872        903 896 909 916
873        887 881 896 903
874        874 864 881 887
875        857 847 864 874
876        838 828 847 857
877        820 805 828 838
878        798 783 805 820
879        778 758 783 798
880        750 720 758 778
881        715 686 720 750
882        676 651 686 715
883        646 615 651 676
884        613 584 615 646
885        586 557 584 613
886        560 527 557 586
887        534 503 527 560
888        510 475 503 534
889        483 451 475 510
890        465 433 451 483
891        443 411 433 465
892        428 394 411 443
893        409 375 394 428
894        395 361 375 409
895        382 349 361 395
896        369 332 349 382
897        362 324 332 369
898        353 317 324 362
899        346 310 317 353
900        340 304 310 346